subject	 trial	 soa	 response

ah 	1 	-0.25 	0
ah 	2 	0.2 	1
ah 	3 	0.15 	1
ah 	4 	0.25 	1
ah 	5 	-0.15 	1
ah 	6 	-0.05 	1
ah 	7 	0.1 	1
ah 	8 	0.05 	0
ah 	9 	0.0 	1
ah 	10 	-0.2 	1
ah 	11 	-0.1 	0
ah 	12 	-0.05 	1
ah 	13 	-0.15 	1
ah 	14 	0.2 	1
ah 	15 	0.25 	1
ah 	16 	-0.1 	0
ah 	17 	0.05 	0
ah 	18 	-0.25 	0
ah 	19 	-0.2 	1
ah 	20 	0.1 	1
ah 	21 	0.15 	0
ah 	22 	0.0 	0
ah 	23 	-0.15 	1
ah 	24 	0.15 	1
ah 	25 	-0.05 	0
ah 	26 	-0.2 	0
ah 	27 	0.05 	1
ah 	28 	0.2 	1
ah 	29 	0.1 	1
ah 	30 	-0.1 	1
ah 	31 	0.0 	1
ah 	32 	-0.25 	0
ah 	33 	0.25 	1
ah 	34 	0.2 	1
ah 	35 	-0.2 	0
ah 	36 	-0.15 	1
ah 	37 	-0.25 	0
ah 	38 	0.15 	1
ah 	39 	-0.1 	0
ah 	40 	0.05 	1
ah 	41 	-0.05 	1
ah 	42 	0.1 	1
ah 	43 	0.25 	1
ah 	44 	0.0 	0
ah 	45 	-0.2 	0
ah 	46 	0.0 	0
ah 	47 	-0.05 	0
ah 	48 	-0.1 	0
ah 	49 	0.05 	1
ah 	50 	-0.15 	0
ah 	51 	-0.25 	0
ah 	52 	0.2 	1
ah 	53 	0.25 	1
ah 	54 	0.1 	1
ah 	55 	0.15 	1
ah 	56 	-0.05 	0
ah 	57 	-0.15 	0
ah 	58 	0.05 	0
ah 	59 	0.2 	1
ah 	60 	0.25 	1
ah 	61 	0.0 	1
ah 	62 	-0.1 	0
ah 	63 	-0.25 	0
ah 	64 	0.15 	1
ah 	65 	-0.2 	0
ah 	66 	0.1 	1
ah 	67 	0.25 	1
ah 	68 	0.1 	1
ah 	69 	0.05 	0
ah 	70 	-0.2 	0
ah 	71 	0.2 	1
ah 	72 	0.0 	0
ah 	73 	-0.05 	0
ah 	74 	-0.25 	0
ah 	75 	-0.15 	0
ah 	76 	-0.1 	0
ah 	77 	0.15 	1
ah 	78 	0.0 	1
ah 	79 	0.2 	1
ah 	80 	-0.25 	0
ah 	81 	0.25 	0
ah 	82 	-0.1 	0
ah 	83 	0.1 	1
ah 	84 	-0.2 	0
ah 	85 	0.15 	0
ah 	86 	-0.05 	1
ah 	87 	-0.15 	0
ah 	88 	0.05 	0
ah 	89 	0.2 	0
ah 	90 	-0.25 	0
ah 	91 	-0.1 	0
ah 	92 	-0.05 	1
ah 	93 	0.0 	0
ah 	94 	-0.15 	0
ah 	95 	0.25 	1
ah 	96 	0.15 	1
ah 	97 	0.05 	0
ah 	98 	0.1 	0
ah 	99 	-0.2 	0
ah 	100 	-0.05 	1
ah 	101 	0.25 	1
ah 	102 	-0.2 	0
ah 	103 	0.0 	0
ah 	104 	-0.25 	0
ah 	105 	0.1 	1
ah 	106 	0.15 	1
ah 	107 	0.05 	1
ah 	108 	-0.15 	0
ah 	109 	0.2 	1
ah 	110 	-0.1 	1
ah 	111 	-0.1 	0
ah 	112 	0.0 	1
ah 	113 	0.05 	0
ah 	114 	-0.05 	1
ah 	115 	-0.25 	1
ah 	116 	0.2 	1
ah 	117 	0.1 	0
ah 	118 	-0.15 	0
ah 	119 	0.15 	1
ah 	120 	0.25 	1
ah 	121 	-0.2 	0
ah 	122 	0.1 	1
ah 	123 	0.25 	1
ah 	124 	-0.15 	0
ah 	125 	-0.25 	0
ah 	126 	0.0 	1
ah 	127 	-0.05 	0
ah 	128 	0.2 	1
ah 	129 	-0.1 	0
ah 	130 	0.05 	1
ah 	131 	-0.2 	0
ah 	132 	0.15 	0
ah 	133 	0.15 	1
ah 	134 	-0.15 	0
ah 	135 	-0.2 	0
ah 	136 	0.05 	0
ah 	137 	0.2 	1
ah 	138 	-0.25 	0
ah 	139 	-0.1 	1
ah 	140 	0.0 	1
ah 	141 	-0.05 	1
ah 	142 	0.25 	0
ah 	143 	0.1 	0
ah 	144 	-0.1 	1
ah 	145 	-0.2 	0
ah 	146 	0.15 	0
ah 	147 	0.0 	0
ah 	148 	-0.25 	0
ah 	149 	0.2 	1
ah 	150 	0.1 	1
ah 	151 	-0.05 	1
ah 	152 	0.25 	1
ah 	153 	-0.15 	0
ah 	154 	0.05 	0
ah 	155 	0.2 	1
ah 	156 	0.05 	1
ah 	157 	-0.1 	1
ah 	158 	-0.2 	0
ah 	159 	0.15 	1
ah 	160 	0.0 	1
ah 	161 	0.1 	1
ah 	162 	-0.15 	1
ah 	163 	-0.05 	1
ah 	164 	0.25 	1
ah 	165 	-0.25 	0
ah 	166 	-0.05 	0
ah 	167 	0.2 	1
ah 	168 	0.1 	1
ah 	169 	-0.2 	1
ah 	170 	-0.15 	0
ah 	171 	0.0 	1
ah 	172 	-0.25 	1
ah 	173 	0.25 	0
ah 	174 	0.15 	0
ah 	175 	-0.1 	0
ah 	176 	0.05 	0
ah 	177 	0.0 	0
ah 	178 	-0.15 	0
ah 	179 	0.2 	1
ah 	180 	0.25 	1
ah 	181 	-0.2 	0
ah 	182 	0.05 	0
ah 	183 	-0.1 	0
ah 	184 	-0.05 	0
ah 	185 	0.15 	1
ah 	186 	0.1 	0
ah 	187 	-0.25 	0
ah 	188 	-0.05 	1
ah 	189 	-0.2 	0
ah 	190 	0.15 	1
ah 	191 	0.1 	0
ah 	192 	0.0 	0
ah 	193 	-0.25 	0
ah 	194 	-0.15 	1
ah 	195 	-0.1 	1
ah 	196 	0.2 	1
ah 	197 	0.05 	1
ah 	198 	0.25 	1
ah 	199 	-0.05 	0
ah 	200 	-0.2 	0
ah 	201 	-0.15 	0
ah 	202 	-0.1 	1
ah 	203 	0.2 	1
ah 	204 	0.1 	1
ah 	205 	0.15 	1
ah 	206 	0.05 	0
ah 	207 	-0.25 	0
ah 	208 	0.0 	1
ah 	209 	0.25 	1
ah 	210 	-0.2 	0
ah 	211 	0.1 	0
ah 	212 	0.0 	0
ah 	213 	0.25 	1
ah 	214 	0.2 	1
ah 	215 	0.15 	1
ah 	216 	-0.05 	0
ah 	217 	-0.1 	0
ah 	218 	-0.25 	1
ah 	219 	-0.15 	1
ah 	220 	0.05 	0
