trial	soa	soundFirst	response	sta	exp
1	1	1.2	1	1	0.6	Dur	
2	2	0.3	1	0	0.6	Dur	
3	3	1	1	1	0.6	Dur	
4	4	0.5	1	1	0.6	Dur	
5	5	0.4	1	0	0.6	Dur	
6	6	0.8	1	1	0.6	Dur	
7	7	0.6	1	0	0.6	Dur	
8	8	0.8	1	1	0.6	Dur	
9	9	0.3	1	0	0.6	Dur	
10	10	0.5	1	0	0.6	Dur	
11	11	1.2	1	1	0.6	Dur	
12	12	1	1	1	0.6	Dur	
13	13	0.6	1	1	0.6	Dur	
14	14	0.4	1	0	0.6	Dur	
15	15	0.3	1	0	0.6	Dur	
16	16	0.4	1	0	0.6	Dur	
17	17	0.8	1	0	0.6	Dur	
18	18	1.2	1	1	0.6	Dur	
19	19	0.5	1	0	0.6	Dur	
20	20	0.6	1	0	0.6	Dur	
21	21	1	1	1	0.6	Dur	
22	22	0.8	1	0	0.6	Dur	
23	23	0.5	1	0	0.6	Dur	
24	24	0.6	1	0	0.6	Dur	
25	25	1.2	1	1	0.6	Dur	
26	26	0.4	1	0	0.6	Dur	
27	27	1	1	1	0.6	Dur	
28	28	0.3	1	0	0.6	Dur	
29	29	1.2	1	1	0.6	Dur	
30	30	1	1	0	0.6	Dur	
31	31	0.8	1	1	0.6	Dur	
32	32	0.3	1	0	0.6	Dur	
33	33	0.4	1	0	0.6	Dur	
34	34	0.5	1	0	0.6	Dur	
35	35	0.6	1	0	0.6	Dur	
36	36	0.5	1	0	0.6	Dur	
37	37	0.4	1	0	0.6	Dur	
38	38	0.3	1	0	0.6	Dur	
39	39	1	1	1	0.6	Dur	
40	40	0.8	1	1	0.6	Dur	
41	41	0.6	1	0	0.6	Dur	
42	42	1.2	1	1	0.6	Dur	
43	43	0.6	1	0	0.6	Dur	
44	44	0.4	1	0	0.6	Dur	
45	45	1	1	1	0.6	Dur	
46	46	0.5	1	0	0.6	Dur	
47	47	0.8	1	1	0.6	Dur	
48	48	0.3	1	0	0.6	Dur	
49	49	1.2	1	1	0.6	Dur	
50	50	0.5	1	0	0.6	Dur	
51	51	1.2	1	1	0.6	Dur	
52	52	1	1	1	0.6	Dur	
53	53	0.4	1	0	0.6	Dur	
54	54	0.6	1	0	0.6	Dur	
55	55	0.3	1	0	0.6	Dur	
56	56	0.8	1	1	0.6	Dur	
57	57	0.6	1	1	0.6	Dur	
58	58	0.4	1	0	0.6	Dur	
59	59	0.3	1	0	0.6	Dur	
60	60	1.2	1	1	0.6	Dur	
61	61	0.8	1	1	0.6	Dur	
62	62	0.5	1	0	0.6	Dur	
63	63	1	1	1	0.6	Dur	
64	64	0.8	1	1	0.6	Dur	
65	65	0.3	1	0	0.6	Dur	
66	66	1	1	1	0.6	Dur	
67	67	0.5	1	1	0.6	Dur	
68	68	0.6	1	1	0.6	Dur	
69	69	1.2	1	1	0.6	Dur	
70	70	0.4	1	0	0.6	Dur	
71	71	0.5	1	0	0.6	Dur	
72	72	1	1	1	0.6	Dur	
73	73	0.8	1	1	0.6	Dur	
74	74	0.3	1	0	0.6	Dur	
75	75	0.4	1	0	0.6	Dur	
76	76	1.2	1	1	0.6	Dur	
77	77	0.6	1	0	0.6	Dur	
78	78	1.2	1	1	0.6	Dur	
79	79	0.5	1	0	0.6	Dur	
80	80	0.3	1	0	0.6	Dur	
81	81	1	1	1	0.6	Dur	
82	82	0.4	1	0	0.6	Dur	
83	83	0.8	1	1	0.6	Dur	
84	84	0.6	1	0	0.6	Dur	
85	85	1.2	1	1	0.6	Dur	
86	86	0.3	1	0	0.6	Dur	
87	87	0.6	1	0	0.6	Dur	
88	88	0.8	1	0	0.6	Dur	
89	89	0.4	1	0	0.6	Dur	
90	90	1	1	1	0.6	Dur	
91	91	0.5	1	1	0.6	Dur	
92	92	0.4	1	0	0.6	Dur	
93	93	0.8	1	0	0.6	Dur	
94	94	1	1	0	0.6	Dur	
95	95	1.2	1	1	0.6	Dur	
96	96	0.5	1	0	0.6	Dur	
97	97	0.6	1	1	0.6	Dur	
98	98	0.3	1	0	0.6	Dur	
99	99	0.6	1	0	0.6	Dur	
100	100	0.5	1	0	0.6	Dur	
101	101	0.8	1	0	0.6	Dur	
102	102	1.2	1	1	0.6	Dur	
103	103	0.4	1	0	0.6	Dur	
104	104	1	1	1	0.6	Dur	
105	105	0.3	1	0	0.6	Dur	
106	106	0.8	1	0	0.6	Dur	
107	107	0.4	1	0	0.6	Dur	
108	108	0.5	1	0	0.6	Dur	
109	109	0.3	1	0	0.6	Dur	
110	110	0.6	1	1	0.6	Dur	
111	111	1.2	1	1	0.6	Dur	
112	112	1	1	1	0.6	Dur	
113	113	1	1	0	0.6	Dur	
114	114	0.3	1	1	0.6	Dur	
115	115	1.2	1	1	0.6	Dur	
116	116	0.5	1	0	0.6	Dur	
117	117	0.4	1	0	0.6	Dur	
118	118	0.6	1	1	0.6	Dur	
119	119	0.8	1	1	0.6	Dur	
120	120	0.3	1	0	0.6	Dur	
121	121	0.8	1	1	0.6	Dur	
122	122	0.6	1	1	0.6	Dur	
123	123	0.4	1	0	0.6	Dur	
124	124	0.5	1	1	0.6	Dur	
125	125	1.2	1	1	0.6	Dur	
126	126	1	1	0	0.6	Dur	
127	127	1	1	1	0.6	Dur	
128	128	0.6	1	0	0.6	Dur	
129	129	0.4	1	0	0.6	Dur	
130	130	0.5	1	0	0.6	Dur	
131	131	0.3	1	1	0.6	Dur	
132	132	1.2	1	1	0.6	Dur	
133	133	0.8	1	0	0.6	Dur	
134	134	0.3	1	0	0.6	Dur	
135	135	0.6	1	0	0.6	Dur	
136	136	1	1	1	0.6	Dur	
137	137	1.2	1	1	0.6	Dur	
138	138	0.8	1	0	0.6	Dur	
139	139	0.5	1	0	0.6	Dur	
140	140	0.4	1	0	0.6	Dur	
141	1	0.4	0	1	0.6	Dur	
142	2	1	0	1	0.6	Dur	
143	3	0.6	0	1	0.6	Dur	
144	4	0.3	0	0	0.6	Dur	
145	5	1.2	0	1	0.6	Dur	
146	6	0.8	0	1	0.6	Dur	
147	7	0.5	0	0	0.6	Dur	
148	8	1	0	1	0.6	Dur	
149	9	0.5	0	1	0.6	Dur	
150	10	0.6	0	1	0.6	Dur	
151	11	0.8	0	1	0.6	Dur	
152	12	0.3	0	0	0.6	Dur	
153	13	1.2	0	1	0.6	Dur	
154	14	0.4	0	0	0.6	Dur	
155	15	0.5	0	0	0.6	Dur	
156	16	0.4	0	0	0.6	Dur	
157	17	0.8	0	0	0.6	Dur	
158	18	0.6	0	1	0.6	Dur	
159	19	1	0	0	0.6	Dur	
160	20	1.2	0	1	0.6	Dur	
161	21	0.3	0	1	0.6	Dur	
162	22	1.2	0	1	0.6	Dur	
163	23	0.8	0	1	0.6	Dur	
164	24	0.6	0	1	0.6	Dur	
165	25	0.4	0	1	0.6	Dur	
166	26	0.5	0	1	0.6	Dur	
167	27	1	0	1	0.6	Dur	
168	28	0.3	0	1	0.6	Dur	
169	29	0.4	0	0	0.6	Dur	
170	30	0.3	0	0	0.6	Dur	
171	31	0.6	0	1	0.6	Dur	
172	32	1	0	1	0.6	Dur	
173	33	0.8	0	0	0.6	Dur	
174	34	1.2	0	1	0.6	Dur	
175	35	0.5	0	1	0.6	Dur	
176	36	0.8	0	1	0.6	Dur	
177	37	0.5	0	0	0.6	Dur	
178	38	0.3	0	0	0.6	Dur	
179	39	1.2	0	1	0.6	Dur	
180	40	1	0	1	0.6	Dur	
181	41	0.4	0	0	0.6	Dur	
182	42	0.6	0	1	0.6	Dur	
183	43	1.2	0	1	0.6	Dur	
184	44	0.6	0	1	0.6	Dur	
185	45	0.8	0	1	0.6	Dur	
186	46	0.4	0	1	0.6	Dur	
187	47	1	0	1	0.6	Dur	
188	48	0.3	0	0	0.6	Dur	
189	49	0.5	0	1	0.6	Dur	
190	50	0.4	0	0	0.6	Dur	
191	51	0.6	0	1	0.6	Dur	
192	52	0.8	0	1	0.6	Dur	
193	53	0.5	0	0	0.6	Dur	
194	54	1	0	1	0.6	Dur	
195	55	1.2	0	1	0.6	Dur	
196	56	0.3	0	0	0.6	Dur	
197	57	1	0	1	0.6	Dur	
198	58	0.3	0	0	0.6	Dur	
199	59	0.5	0	1	0.6	Dur	
200	60	1.2	0	1	0.6	Dur	
201	61	0.8	0	1	0.6	Dur	
202	62	0.6	0	0	0.6	Dur	
203	63	0.4	0	0	0.6	Dur	
204	64	0.6	0	1	0.6	Dur	
205	65	0.4	0	0	0.6	Dur	
206	66	1	0	1	0.6	Dur	
207	67	1.2	0	1	0.6	Dur	
208	68	0.5	0	0	0.6	Dur	
209	69	0.3	0	0	0.6	Dur	
210	70	0.8	0	1	0.6	Dur	
211	71	0.6	0	0	0.6	Dur	
212	72	1.2	0	1	0.6	Dur	
213	73	0.4	0	0	0.6	Dur	
214	74	0.3	0	1	0.6	Dur	
215	75	1	0	1	0.6	Dur	
216	76	0.5	0	0	0.6	Dur	
217	77	0.8	0	1	0.6	Dur	
218	78	0.6	0	1	0.6	Dur	
219	79	0.5	0	0	0.6	Dur	
220	80	1	0	1	0.6	Dur	
221	81	0.3	0	0	0.6	Dur	
222	82	0.4	0	1	0.6	Dur	
223	83	0.8	0	1	0.6	Dur	
224	84	1.2	0	1	0.6	Dur	
225	85	1	0	1	0.6	Dur	
226	86	0.8	0	1	0.6	Dur	
227	87	0.5	0	0	0.6	Dur	
228	88	1.2	0	1	0.6	Dur	
229	89	0.4	0	0	0.6	Dur	
230	90	0.6	0	1	0.6	Dur	
231	91	0.3	0	0	0.6	Dur	
232	92	0.6	0	1	0.6	Dur	
233	93	1	0	1	0.6	Dur	
234	94	0.8	0	0	0.6	Dur	
235	95	0.3	0	0	0.6	Dur	
236	96	0.4	0	1	0.6	Dur	
237	97	0.5	0	1	0.6	Dur	
238	98	1.2	0	1	0.6	Dur	
239	99	1	0	1	0.6	Dur	
240	100	1.2	0	1	0.6	Dur	
241	101	0.5	0	1	0.6	Dur	
242	102	0.4	0	0	0.6	Dur	
243	103	0.6	0	1	0.6	Dur	
244	104	0.3	0	0	0.6	Dur	
245	105	0.8	0	1	0.6	Dur	
246	106	0.4	0	0	0.6	Dur	
247	107	1	0	1	0.6	Dur	
248	108	0.3	0	0	0.6	Dur	
249	109	0.5	0	0	0.6	Dur	
250	110	1.2	0	0	0.6	Dur	
251	111	0.8	0	1	0.6	Dur	
252	112	0.6	0	0	0.6	Dur	
253	113	0.8	0	1	0.6	Dur	
254	114	0.3	0	0	0.6	Dur	
255	115	1.2	0	1	0.6	Dur	
256	116	1	0	1	0.6	Dur	
257	117	0.6	0	0	0.6	Dur	
258	118	0.4	0	1	0.6	Dur	
259	119	0.5	0	0	0.6	Dur	
260	120	1.2	0	1	0.6	Dur	
261	121	1	0	1	0.6	Dur	
262	122	0.8	0	1	0.6	Dur	
263	123	0.3	0	0	0.6	Dur	
264	124	0.5	0	1	0.6	Dur	
265	125	0.6	0	1	0.6	Dur	
266	126	0.4	0	1	0.6	Dur	
267	127	0.4	0	0	0.6	Dur	
268	128	0.6	0	1	0.6	Dur	
269	129	0.8	0	1	0.6	Dur	
270	130	1	0	1	0.6	Dur	
271	131	0.5	0	1	0.6	Dur	
272	132	1.2	0	1	0.6	Dur	
273	133	0.3	0	0	0.6	Dur	
274	134	0.4	0	0	0.6	Dur	
275	135	1.2	0	1	0.6	Dur	
276	136	0.8	0	0	0.6	Dur	
277	137	0.5	0	1	0.6	Dur	
278	138	1	0	1	0.6	Dur	
279	139	0.3	0	1	0.6	Dur	
280	140	0.6	0	1	0.6	Dur	
281	1	0.6	1	0	1.2	Dur	
282	2	0.8	1	0	1.2	Dur	
283	3	2	1	1	1.2	Dur	
284	4	1.2	1	1	1.2	Dur	
285	5	1.6	1	1	1.2	Dur	
286	6	2.4	1	1	1.2	Dur	
287	7	1	1	1	1.2	Dur	
288	8	0.8	1	0	1.2	Dur	
289	9	1	1	0	1.2	Dur	
290	10	1.6	1	1	1.2	Dur	
291	11	1.2	1	0	1.2	Dur	
292	12	0.6	1	0	1.2	Dur	
293	13	2.4	1	1	1.2	Dur	
294	14	2	1	1	1.2	Dur	
295	15	1.2	1	0	1.2	Dur	
296	16	2.4	1	1	1.2	Dur	
297	17	1	1	0	1.2	Dur	
298	18	2	1	1	1.2	Dur	
299	19	0.6	1	0	1.2	Dur	
300	20	0.8	1	0	1.2	Dur	
301	21	1.6	1	1	1.2	Dur	
302	22	0.8	1	0	1.2	Dur	
303	23	1.2	1	1	1.2	Dur	
304	24	2.4	1	1	1.2	Dur	
305	25	1.6	1	0	1.2	Dur	
306	26	2	1	1	1.2	Dur	
307	27	1	1	0	1.2	Dur	
308	28	0.6	1	0	1.2	Dur	
309	29	1	1	1	1.2	Dur	
310	30	0.6	1	0	1.2	Dur	
311	31	0.8	1	0	1.2	Dur	
312	32	2	1	1	1.2	Dur	
313	33	1.6	1	1	1.2	Dur	
314	34	1.2	1	0	1.2	Dur	
315	35	2.4	1	1	1.2	Dur	
316	36	0.8	1	0	1.2	Dur	
317	37	1.6	1	1	1.2	Dur	
318	38	2.4	1	1	1.2	Dur	
319	39	2	1	1	1.2	Dur	
320	40	0.6	1	0	1.2	Dur	
321	41	1	1	1	1.2	Dur	
322	42	1.2	1	1	1.2	Dur	
323	43	1	1	0	1.2	Dur	
324	44	2	1	1	1.2	Dur	
325	45	0.6	1	0	1.2	Dur	
326	46	1.6	1	1	1.2	Dur	
327	47	0.8	1	0	1.2	Dur	
328	48	2.4	1	1	1.2	Dur	
329	49	1.2	1	1	1.2	Dur	
330	50	0.8	1	0	1.2	Dur	
331	51	1.6	1	1	1.2	Dur	
332	52	0.6	1	0	1.2	Dur	
333	53	1	1	0	1.2	Dur	
334	54	1.2	1	1	1.2	Dur	
335	55	2	1	1	1.2	Dur	
336	56	2.4	1	1	1.2	Dur	
337	57	1.2	1	0	1.2	Dur	
338	58	2	1	1	1.2	Dur	
339	59	2.4	1	1	1.2	Dur	
340	60	1	1	1	1.2	Dur	
341	61	0.6	1	0	1.2	Dur	
342	62	0.8	1	0	1.2	Dur	
343	63	1.6	1	1	1.2	Dur	
344	64	1	1	0	1.2	Dur	
345	65	2.4	1	1	1.2	Dur	
346	66	1.2	1	1	1.2	Dur	
347	67	1.6	1	1	1.2	Dur	
348	68	0.8	1	0	1.2	Dur	
349	69	0.6	1	0	1.2	Dur	
350	70	2	1	1	1.2	Dur	
351	71	1	1	0	1.2	Dur	
352	72	1.6	1	1	1.2	Dur	
353	73	0.6	1	0	1.2	Dur	
354	74	2.4	1	1	1.2	Dur	
355	75	0.8	1	0	1.2	Dur	
356	76	2	1	1	1.2	Dur	
357	77	1.2	1	0	1.2	Dur	
358	78	2	1	1	1.2	Dur	
359	79	1	1	0	1.2	Dur	
360	80	0.6	1	0	1.2	Dur	
361	81	2.4	1	1	1.2	Dur	
362	82	1.2	1	0	1.2	Dur	
363	83	1.6	1	0	1.2	Dur	
364	84	0.8	1	0	1.2	Dur	
365	85	2.4	1	1	1.2	Dur	
366	86	0.6	1	0	1.2	Dur	
367	87	1.6	1	1	1.2	Dur	
368	88	0.8	1	0	1.2	Dur	
369	89	2	1	1	1.2	Dur	
370	90	1	1	0	1.2	Dur	
371	91	1.2	1	0	1.2	Dur	
372	92	0.6	1	0	1.2	Dur	
373	93	2.4	1	1	1.2	Dur	
374	94	1.2	1	0	1.2	Dur	
375	95	1.6	1	1	1.2	Dur	
376	96	1	1	0	1.2	Dur	
377	97	2	1	1	1.2	Dur	
378	98	0.8	1	0	1.2	Dur	
379	99	1	1	0	1.2	Dur	
380	100	2	1	1	1.2	Dur	
381	101	1.6	1	1	1.2	Dur	
382	102	1.2	1	1	1.2	Dur	
383	103	0.6	1	0	1.2	Dur	
384	104	0.8	1	0	1.2	Dur	
385	105	2.4	1	1	1.2	Dur	
386	106	2	1	1	1.2	Dur	
387	107	0.8	1	0	1.2	Dur	
388	108	1	1	0	1.2	Dur	
389	109	1.2	1	1	1.2	Dur	
390	110	1.6	1	1	1.2	Dur	
391	111	2.4	1	1	1.2	Dur	
392	112	0.6	1	0	1.2	Dur	
393	113	1	1	0	1.2	Dur	
394	114	0.8	1	0	1.2	Dur	
395	115	1.2	1	1	1.2	Dur	
396	116	1.6	1	1	1.2	Dur	
397	117	0.6	1	0	1.2	Dur	
398	118	2.4	1	1	1.2	Dur	
399	119	2	1	1	1.2	Dur	
400	120	2.4	1	1	1.2	Dur	
401	121	0.8	1	0	1.2	Dur	
402	122	0.6	1	0	1.2	Dur	
403	123	1.6	1	1	1.2	Dur	
404	124	1	1	0	1.2	Dur	
405	125	2	1	1	1.2	Dur	
406	126	1.2	1	0	1.2	Dur	
407	127	0.6	1	0	1.2	Dur	
408	128	1.6	1	1	1.2	Dur	
409	129	2	1	1	1.2	Dur	
410	130	1	1	0	1.2	Dur	
411	131	0.8	1	0	1.2	Dur	
412	132	1.2	1	0	1.2	Dur	
413	133	2.4	1	1	1.2	Dur	
414	134	2.4	1	1	1.2	Dur	
415	135	2	1	0	1.2	Dur	
416	136	0.8	1	0	1.2	Dur	
417	137	1	1	0	1.2	Dur	
418	138	1.2	1	0	1.2	Dur	
419	139	1.6	1	1	1.2	Dur	
420	140	0.6	1	0	1.2	Dur	
421	1	2	0	1	1.2	Dur	
422	2	1	0	1	1.2	Dur	
423	3	2.4	0	1	1.2	Dur	
424	4	0.6	0	0	1.2	Dur	
425	5	0.8	0	0	1.2	Dur	
426	6	1.6	0	1	1.2	Dur	
427	7	1.2	0	0	1.2	Dur	
428	8	1	0	0	1.2	Dur	
429	9	1.6	0	1	1.2	Dur	
430	10	2.4	0	1	1.2	Dur	
431	11	1.2	0	1	1.2	Dur	
432	12	2	0	1	1.2	Dur	
433	13	0.8	0	0	1.2	Dur	
434	14	0.6	0	0	1.2	Dur	
435	15	0.6	0	0	1.2	Dur	
436	16	2	0	1	1.2	Dur	
437	17	2.4	0	1	1.2	Dur	
438	18	0.8	0	0	1.2	Dur	
439	19	1	0	0	1.2	Dur	
440	20	1.2	0	1	1.2	Dur	
441	21	1.6	0	1	1.2	Dur	
442	22	1	0	0	1.2	Dur	
443	23	0.6	0	0	1.2	Dur	
444	24	1.6	0	1	1.2	Dur	
445	25	2	0	1	1.2	Dur	
446	26	1.2	0	0	1.2	Dur	
447	27	0.8	0	1	1.2	Dur	
448	28	2.4	0	1	1.2	Dur	
449	29	2.4	0	1	1.2	Dur	
450	30	0.6	0	1	1.2	Dur	
451	31	1	0	0	1.2	Dur	
452	32	0.8	0	1	1.2	Dur	
453	33	1.2	0	1	1.2	Dur	
454	34	1.6	0	1	1.2	Dur	
455	35	2	0	1	1.2	Dur	
456	36	2.4	0	1	1.2	Dur	
457	37	1.2	0	1	1.2	Dur	
458	38	1.6	0	1	1.2	Dur	
459	39	0.6	0	0	1.2	Dur	
460	40	1	0	1	1.2	Dur	
461	41	0.8	0	1	1.2	Dur	
462	42	2	0	1	1.2	Dur	
463	43	1.6	0	1	1.2	Dur	
464	44	1	0	1	1.2	Dur	
465	45	2	0	1	1.2	Dur	
466	46	0.6	0	1	1.2	Dur	
467	47	0.8	0	1	1.2	Dur	
468	48	1.2	0	1	1.2	Dur	
469	49	2.4	0	1	1.2	Dur	
470	50	1.2	0	1	1.2	Dur	
471	51	2.4	0	1	1.2	Dur	
472	52	2	0	1	1.2	Dur	
473	53	1	0	1	1.2	Dur	
474	54	0.8	0	1	1.2	Dur	
475	55	0.6	0	0	1.2	Dur	
476	56	1.6	0	1	1.2	Dur	
477	57	2.4	0	1	1.2	Dur	
478	58	1.6	0	1	1.2	Dur	
479	59	1	0	0	1.2	Dur	
480	60	2	0	1	1.2	Dur	
481	61	1.2	0	1	1.2	Dur	
482	62	0.8	0	1	1.2	Dur	
483	63	0.6	0	0	1.2	Dur	
484	64	1.6	0	1	1.2	Dur	
485	65	1	0	0	1.2	Dur	
486	66	1.2	0	1	1.2	Dur	
487	67	2.4	0	1	1.2	Dur	
488	68	0.6	0	0	1.2	Dur	
489	69	0.8	0	0	1.2	Dur	
490	70	2	0	1	1.2	Dur	
491	71	0.8	0	1	1.2	Dur	
492	72	1.6	0	1	1.2	Dur	
493	73	1	0	1	1.2	Dur	
494	74	2	0	1	1.2	Dur	
495	75	2.4	0	1	1.2	Dur	
496	76	0.6	0	0	1.2	Dur	
497	77	1.2	0	1	1.2	Dur	
498	78	0.8	0	0	1.2	Dur	
499	79	0.6	0	1	1.2	Dur	
500	80	2.4	0	1	1.2	Dur	
501	81	1.6	0	1	1.2	Dur	
502	82	2	0	1	1.2	Dur	
503	83	1	0	1	1.2	Dur	
504	84	1.2	0	1	1.2	Dur	
505	85	1.2	0	1	1.2	Dur	
506	86	2	0	1	1.2	Dur	
507	87	0.6	0	0	1.2	Dur	
508	88	1.6	0	1	1.2	Dur	
509	89	0.8	0	0	1.2	Dur	
510	90	1	0	1	1.2	Dur	
511	91	2.4	0	1	1.2	Dur	
512	92	0.8	0	1	1.2	Dur	
513	93	1	0	0	1.2	Dur	
514	94	0.6	0	0	1.2	Dur	
515	95	2.4	0	1	1.2	Dur	
516	96	1.6	0	1	1.2	Dur	
517	97	2	0	1	1.2	Dur	
518	98	1.2	0	0	1.2	Dur	
519	99	1.2	0	0	1.2	Dur	
520	100	2	0	1	1.2	Dur	
521	101	2.4	0	1	1.2	Dur	
522	102	1	0	1	1.2	Dur	
523	103	0.6	0	0	1.2	Dur	
524	104	0.8	0	0	1.2	Dur	
525	105	1.6	0	0	1.2	Dur	
526	106	2	0	1	1.2	Dur	
527	107	1.6	0	1	1.2	Dur	
528	108	1	0	1	1.2	Dur	
529	109	0.6	0	0	1.2	Dur	
530	110	1.2	0	1	1.2	Dur	
531	111	2.4	0	1	1.2	Dur	
532	112	0.8	0	1	1.2	Dur	
533	113	2.4	0	1	1.2	Dur	
534	114	1.6	0	1	1.2	Dur	
535	115	0.8	0	1	1.2	Dur	
536	116	2	0	1	1.2	Dur	
537	117	1.2	0	1	1.2	Dur	
538	118	1	0	1	1.2	Dur	
539	119	0.6	0	1	1.2	Dur	
540	120	1.2	0	1	1.2	Dur	
541	121	2	0	1	1.2	Dur	
542	122	0.8	0	1	1.2	Dur	
543	123	2.4	0	1	1.2	Dur	
544	124	1.6	0	1	1.2	Dur	
545	125	0.6	0	0	1.2	Dur	
546	126	1	0	1	1.2	Dur	
547	127	0.8	0	0	1.2	Dur	
548	128	2	0	1	1.2	Dur	
549	129	2.4	0	1	1.2	Dur	
550	130	0.6	0	0	1.2	Dur	
551	131	1.2	0	1	1.2	Dur	
552	132	1	0	1	1.2	Dur	
553	133	1.6	0	1	1.2	Dur	
554	134	0.6	0	1	1.2	Dur	
555	135	2	0	1	1.2	Dur	
556	136	1.2	0	1	1.2	Dur	
557	137	1	0	1	1.2	Dur	
558	138	0.8	0	0	1.2	Dur	
559	139	1.6	0	1	1.2	Dur	
560	140	2.4	0	1	1.2	Dur	
