subject	 trial	 soa	 response

AL 	1 	-0.1 	0
AL 	2 	-0.05 	1
AL 	3 	0.05 	1
AL 	4 	0.2 	1
AL 	5 	0.1 	1
AL 	6 	0.0 	1
AL 	7 	0.15 	0
AL 	8 	-0.25 	0
AL 	9 	-0.15 	1
AL 	10 	0.25 	0
AL 	11 	-0.2 	1
AL 	12 	0.05 	1
AL 	13 	0.25 	0
AL 	14 	-0.05 	1
AL 	15 	-0.25 	0
AL 	16 	0.15 	1
AL 	17 	0.1 	1
AL 	18 	0.0 	1
AL 	19 	-0.1 	0
AL 	20 	0.2 	1
AL 	21 	-0.2 	0
AL 	22 	-0.15 	1
AL 	23 	0.2 	1
AL 	24 	0.05 	1
AL 	25 	0.0 	1
AL 	26 	0.15 	1
AL 	27 	-0.05 	1
AL 	28 	0.1 	1
AL 	29 	-0.2 	0
AL 	30 	-0.1 	0
AL 	31 	-0.25 	0
AL 	32 	0.25 	1
AL 	33 	-0.15 	1
AL 	34 	0.1 	1
AL 	35 	-0.15 	0
AL 	36 	-0.05 	1
AL 	37 	-0.1 	0
AL 	38 	-0.25 	0
AL 	39 	0.15 	1
AL 	40 	0.25 	1
AL 	41 	0.0 	1
AL 	42 	0.2 	1
AL 	43 	-0.2 	0
AL 	44 	0.05 	1
AL 	45 	-0.15 	0
AL 	46 	-0.25 	0
AL 	47 	0.25 	1
AL 	48 	0.05 	1
AL 	49 	0.1 	1
AL 	50 	-0.2 	0
AL 	51 	0.0 	1
AL 	52 	0.15 	1
AL 	53 	0.2 	1
AL 	54 	-0.05 	1
AL 	55 	-0.1 	1
AL 	56 	0.2 	1
AL 	57 	0.05 	1
AL 	58 	0.0 	1
AL 	59 	0.15 	1
AL 	60 	0.25 	1
AL 	61 	-0.15 	0
AL 	62 	-0.25 	0
AL 	63 	-0.1 	1
AL 	64 	-0.05 	1
AL 	65 	-0.2 	0
AL 	66 	0.1 	1
AL 	67 	0.25 	0
AL 	68 	0.15 	1
AL 	69 	-0.15 	0
AL 	70 	0.2 	1
AL 	71 	-0.05 	0
AL 	72 	-0.1 	0
AL 	73 	0.0 	1
AL 	74 	0.05 	1
AL 	75 	0.1 	1
AL 	76 	-0.2 	0
AL 	77 	-0.25 	1
AL 	78 	0.05 	1
AL 	79 	0.2 	0
AL 	80 	-0.15 	0
AL 	81 	-0.25 	0
AL 	82 	0.15 	1
AL 	83 	0.1 	1
AL 	84 	-0.05 	0
AL 	85 	-0.2 	0
AL 	86 	0.0 	1
AL 	87 	-0.1 	0
AL 	88 	0.25 	1
AL 	89 	-0.15 	0
AL 	90 	-0.1 	0
AL 	91 	0.25 	1
AL 	92 	-0.25 	0
AL 	93 	0.2 	1
AL 	94 	0.15 	1
AL 	95 	-0.2 	0
AL 	96 	-0.05 	1
AL 	97 	0.1 	1
AL 	98 	0.05 	1
AL 	99 	0.0 	1
AL 	100 	-0.05 	1
AL 	101 	0.2 	1
AL 	102 	0.1 	1
AL 	103 	0.0 	1
AL 	104 	0.25 	1
AL 	105 	0.05 	1
AL 	106 	-0.2 	0
AL 	107 	0.15 	1
AL 	108 	-0.1 	0
AL 	109 	-0.15 	0
AL 	110 	-0.25 	0
AL 	111 	-0.2 	0
AL 	112 	0.0 	0
AL 	113 	-0.25 	0
AL 	114 	0.1 	0
AL 	115 	-0.05 	0
AL 	116 	0.15 	0
AL 	117 	0.25 	0
AL 	118 	-0.1 	0
AL 	119 	0.2 	1
AL 	120 	0.05 	1
AL 	121 	-0.15 	0
AL 	122 	-0.2 	0
AL 	123 	0.1 	1
AL 	124 	-0.15 	0
AL 	125 	0.15 	0
AL 	126 	0.0 	1
AL 	127 	-0.25 	1
AL 	128 	0.25 	1
AL 	129 	0.2 	1
AL 	130 	-0.1 	0
AL 	131 	0.05 	0
AL 	132 	-0.05 	0
AL 	133 	0.25 	1
AL 	134 	-0.2 	0
AL 	135 	0.2 	1
AL 	136 	0.1 	1
AL 	137 	-0.1 	0
AL 	138 	0.05 	1
AL 	139 	-0.05 	1
AL 	140 	-0.25 	0
AL 	141 	-0.15 	0
AL 	142 	0.0 	0
AL 	143 	0.15 	1
AL 	144 	0.2 	0
AL 	145 	-0.1 	0
AL 	146 	0.05 	0
AL 	147 	0.1 	0
AL 	148 	-0.05 	0
AL 	149 	-0.2 	0
AL 	150 	0.25 	1
AL 	151 	0.15 	1
AL 	152 	0.0 	1
AL 	153 	-0.25 	0
AL 	154 	-0.15 	0
AL 	155 	-0.1 	0
AL 	156 	0.0 	1
AL 	157 	0.15 	0
AL 	158 	0.05 	1
AL 	159 	-0.2 	0
AL 	160 	0.1 	1
AL 	161 	0.2 	1
AL 	162 	-0.05 	1
AL 	163 	-0.15 	1
AL 	164 	-0.25 	0
AL 	165 	0.25 	1
AL 	166 	-0.05 	0
AL 	167 	-0.1 	0
AL 	168 	-0.25 	1
AL 	169 	-0.15 	0
AL 	170 	0.05 	1
AL 	171 	0.0 	1
AL 	172 	0.15 	1
AL 	173 	0.25 	0
AL 	174 	0.2 	0
AL 	175 	0.1 	0
AL 	176 	-0.2 	0
AL 	177 	-0.2 	0
AL 	178 	0.1 	1
AL 	179 	-0.05 	1
AL 	180 	-0.1 	0
AL 	181 	0.25 	1
AL 	182 	0.05 	0
AL 	183 	0.15 	0
AL 	184 	-0.15 	0
AL 	185 	0.2 	1
AL 	186 	-0.25 	0
AL 	187 	0.0 	0
AL 	188 	-0.2 	0
AL 	189 	0.2 	0
AL 	190 	0.15 	1
AL 	191 	0.25 	1
AL 	192 	0.1 	1
AL 	193 	-0.15 	1
AL 	194 	-0.25 	0
AL 	195 	0.05 	1
AL 	196 	-0.1 	0
AL 	197 	0.0 	1
AL 	198 	-0.05 	1
AL 	199 	0.2 	1
AL 	200 	-0.25 	0
AL 	201 	0.0 	1
AL 	202 	-0.05 	1
AL 	203 	0.05 	0
AL 	204 	0.15 	1
AL 	205 	-0.1 	1
AL 	206 	-0.15 	0
AL 	207 	0.1 	1
AL 	208 	-0.2 	0
AL 	209 	0.25 	1
AL 	210 	0.05 	1
AL 	211 	0.0 	0
AL 	212 	-0.1 	0
AL 	213 	0.2 	1
AL 	214 	-0.15 	0
AL 	215 	-0.25 	0
AL 	216 	-0.2 	0
AL 	217 	-0.05 	0
AL 	218 	0.25 	1
AL 	219 	0.15 	1
AL 	220 	0.1 	1
