trial	soa	soundFirst	response	sta
1	1	1	0	0	1.2
2	2	1.2	0	0	1.2
3	3	1.6	0	1	1.2
4	4	2.4	0	0	1.2
5	5	0.8	0	0	1.2
6	6	2	0	1	1.2
7	7	0.6	0	0	1.2
8	8	2.4	0	1	1.2
9	9	0.6	0	0	1.2
10	10	0.8	0	0	1.2
11	11	1.6	0	0	1.2
12	12	1.2	0	0	1.2
13	13	1	0	0	1.2
14	14	2	0	1	1.2
15	15	1.6	0	0	1.2
16	16	2.4	0	1	1.2
17	17	0.6	0	0	1.2
18	18	1	0	0	1.2
19	19	1.2	0	0	1.2
20	20	2	0	0	1.2
21	21	0.8	0	0	1.2
22	22	1.6	0	0	1.2
23	23	1	0	0	1.2
24	24	1.2	0	0	1.2
25	25	2	0	0	1.2
26	26	2.4	0	1	1.2
27	27	0.8	0	0	1.2
28	28	0.6	0	0	1.2
29	29	2	0	1	1.2
30	30	1	0	0	1.2
31	31	1.6	0	0	1.2
32	32	0.8	0	0	1.2
33	33	2.4	0	1	1.2
34	34	1.2	0	0	1.2
35	35	0.6	0	0	1.2
36	36	1	0	0	1.2
37	37	0.8	0	0	1.2
38	38	2	0	1	1.2
39	39	2.4	0	1	1.2
40	40	1.2	0	0	1.2
41	41	1.6	0	1	1.2
42	42	0.6	0	0	1.2
43	43	2	0	1	1.2
44	44	1.2	0	0	1.2
45	45	1	0	0	1.2
46	46	0.8	0	0	1.2
47	47	0.6	0	0	1.2
48	48	1.6	0	1	1.2
49	49	2.4	0	1	1.2
50	50	0.8	0	0	1.2
51	51	1.6	0	0	1.2
52	52	0.6	0	0	1.2
53	53	1	0	0	1.2
54	54	2	0	1	1.2
55	55	2.4	0	1	1.2
56	56	1.2	0	0	1.2
57	57	1.2	0	0	1.2
58	58	0.6	0	0	1.2
59	59	1.6	0	1	1.2
60	60	2	0	1	1.2
61	61	2.4	0	1	1.2
62	62	0.8	0	0	1.2
63	63	1	0	0	1.2
64	64	1	0	0	1.2
65	65	0.8	0	0	1.2
66	66	2	0	0	1.2
67	67	0.6	0	0	1.2
68	68	2.4	0	1	1.2
69	69	1.2	0	0	1.2
70	70	1.6	0	0	1.2
71	71	0.6	0	0	1.2
72	72	2	0	1	1.2
73	73	1.2	0	0	1.2
74	74	1.6	0	0	1.2
75	75	1	0	0	1.2
76	76	0.8	0	0	1.2
77	77	2.4	0	1	1.2
78	78	2	0	1	1.2
79	79	1.6	0	1	1.2
80	80	1.2	0	0	1.2
81	81	1	0	0	1.2
82	82	2.4	0	1	1.2
83	83	0.6	0	0	1.2
84	84	0.8	0	0	1.2
85	85	1	0	0	1.2
86	86	1.2	0	1	1.2
87	87	2	0	1	1.2
88	88	1.6	0	0	1.2
89	89	2.4	0	1	1.2
90	90	0.6	0	0	1.2
91	91	0.8	0	0	1.2
92	92	1	0	0	1.2
93	93	1.2	0	1	1.2
94	94	1.6	0	1	1.2
95	95	0.8	0	0	1.2
96	96	0.6	0	0	1.2
97	97	2	0	0	1.2
98	98	2.4	0	1	1.2
99	99	1.6	0	0	1.2
100	100	1.2	0	0	1.2
101	101	2	0	1	1.2
102	102	0.8	0	0	1.2
103	103	2.4	0	1	1.2
104	104	1	0	0	1.2
105	105	0.6	0	0	1.2
106	106	2	0	1	1.2
107	107	1.2	0	0	1.2
108	108	0.8	0	0	1.2
109	109	1	0	0	1.2
110	110	2.4	0	1	1.2
111	111	0.6	0	0	1.2
112	112	1.6	0	1	1.2
113	113	2	0	1	1.2
114	114	0.8	0	0	1.2
115	115	1.2	0	0	1.2
116	116	2.4	0	1	1.2
117	117	0.6	0	0	1.2
118	118	1.6	0	1	1.2
119	119	1	0	0	1.2
120	120	0.6	0	0	1.2
121	121	1	0	0	1.2
122	122	2.4	0	1	1.2
123	123	0.8	0	0	1.2
124	124	1.6	0	0	1.2
125	125	2	0	0	1.2
126	126	1.2	0	0	1.2
127	127	2	0	1	1.2
128	128	2.4	0	1	1.2
129	129	0.8	0	0	1.2
130	130	0.6	0	1	1.2
131	131	1.6	0	1	1.2
132	132	1	0	0	1.2
133	133	1.2	0	0	1.2
134	134	2	0	0	1.2
135	135	2.4	0	1	1.2
136	136	1.2	0	0	1.2
137	137	1.6	0	0	1.2
138	138	0.8	0	0	1.2
139	139	1	0	0	1.2
140	140	0.6	0	0	1.2
141	1	1.2	1	0	1.2
142	2	2	1	1	1.2
143	3	1.6	1	0	1.2
144	4	1	1	0	1.2
145	5	2.4	1	0	1.2
146	6	0.6	1	0	1.2
147	7	0.8	1	0	1.2
148	8	0.8	1	0	1.2
149	9	1.2	1	1	1.2
150	10	2.4	1	1	1.2
151	11	2	1	1	1.2
152	12	0.6	1	0	1.2
153	13	1.6	1	1	1.2
154	14	1	1	1	1.2
155	15	1.6	1	0	1.2
156	16	2.4	1	1	1.2
157	17	1.2	1	1	1.2
158	18	1	1	0	1.2
159	19	0.6	1	0	1.2
160	20	2	1	1	1.2
161	21	0.8	1	0	1.2
162	22	1.6	1	1	1.2
163	23	1	1	0	1.2
164	24	2	1	1	1.2
165	25	0.6	1	0	1.2
166	26	0.8	1	0	1.2
167	27	1.2	1	0	1.2
168	28	2.4	1	1	1.2
169	29	2	1	1	1.2
170	30	0.8	1	0	1.2
171	31	1.2	1	0	1.2
172	32	2.4	1	1	1.2
173	33	1.6	1	1	1.2
174	34	1	1	0	1.2
175	35	0.6	1	0	1.2
176	36	1.6	1	1	1.2
177	37	0.6	1	0	1.2
178	38	1.2	1	0	1.2
179	39	1	1	0	1.2
180	40	2	1	1	1.2
181	41	2.4	1	1	1.2
182	42	0.8	1	0	1.2
183	43	2	1	0	1.2
184	44	0.8	1	0	1.2
185	45	1.6	1	0	1.2
186	46	1	1	0	1.2
187	47	2.4	1	1	1.2
188	48	0.6	1	0	1.2
189	49	1.2	1	0	1.2
190	50	1.2	1	0	1.2
191	51	0.8	1	0	1.2
192	52	1	1	0	1.2
193	53	2.4	1	1	1.2
194	54	2	1	1	1.2
195	55	1.6	1	0	1.2
196	56	0.6	1	0	1.2
197	57	1.6	1	1	1.2
198	58	2.4	1	1	1.2
199	59	0.6	1	0	1.2
200	60	0.8	1	0	1.2
201	61	2	1	1	1.2
202	62	1.2	1	0	1.2
203	63	1	1	0	1.2
204	64	1	1	0	1.2
205	65	1.6	1	1	1.2
206	66	0.6	1	0	1.2
207	67	1.2	1	0	1.2
208	68	2.4	1	0	1.2
209	69	0.8	1	0	1.2
210	70	2	1	1	1.2
211	71	1.2	1	0	1.2
212	72	2	1	1	1.2
213	73	1	1	0	1.2
214	74	0.8	1	0	1.2
215	75	0.6	1	0	1.2
216	76	1.6	1	1	1.2
217	77	2.4	1	1	1.2
218	78	1.2	1	0	1.2
219	79	0.8	1	0	1.2
220	80	1.6	1	1	1.2
221	81	0.6	1	0	1.2
222	82	1	1	0	1.2
223	83	2	1	1	1.2
224	84	2.4	1	1	1.2
225	85	0.8	1	0	1.2
226	86	0.6	1	0	1.2
227	87	1	1	0	1.2
228	88	2	1	1	1.2
229	89	1.6	1	0	1.2
230	90	1.2	1	0	1.2
231	91	2.4	1	1	1.2
232	92	2.4	1	1	1.2
233	93	1.6	1	0	1.2
234	94	1.2	1	0	1.2
235	95	0.8	1	0	1.2
236	96	1	1	0	1.2
237	97	0.6	1	0	1.2
238	98	2	1	1	1.2
239	99	1.6	1	0	1.2
240	100	1	1	0	1.2
241	101	2	1	1	1.2
242	102	0.6	1	0	1.2
243	103	0.8	1	0	1.2
244	104	2.4	1	1	1.2
245	105	1.2	1	0	1.2
246	106	0.8	1	0	1.2
247	107	1	1	0	1.2
248	108	1.6	1	0	1.2
249	109	2	1	1	1.2
250	110	1.2	1	0	1.2
251	111	2.4	1	1	1.2
252	112	0.6	1	0	1.2
253	113	2	1	1	1.2
254	114	0.6	1	0	1.2
255	115	0.8	1	0	1.2
256	116	1	1	0	1.2
257	117	2.4	1	1	1.2
258	118	1.6	1	1	1.2
259	119	1.2	1	0	1.2
260	120	1.2	1	0	1.2
261	121	1	1	0	1.2
262	122	2	1	1	1.2
263	123	2.4	1	1	1.2
264	124	1.6	1	1	1.2
265	125	0.8	1	0	1.2
266	126	0.6	1	0	1.2
267	127	1.6	1	1	1.2
268	128	0.8	1	0	1.2
269	129	2	1	1	1.2
270	130	1.2	1	0	1.2
271	131	2.4	1	1	1.2
272	132	0.6	1	0	1.2
273	133	1	1	0	1.2
274	134	1.6	1	0	1.2
275	135	0.6	1	0	1.2
276	136	2	1	1	1.2
277	137	0.8	1	0	1.2
278	138	1	1	0	1.2
279	139	2.4	1	1	1.2
280	140	1.2	1	0	1.2
281	1	2	1	0	1.2
282	2	0.8	1	0	1.2
283	3	2.4	1	1	1.2
284	4	1.6	1	1	1.2
285	5	1.2	1	0	1.2
286	6	1	1	0	1.2
287	7	0.6	1	0	1.2
288	8	0.6	1	0	1.2
289	9	1.2	1	1	1.2
290	10	1.6	1	1	1.2
291	11	2	1	1	1.2
292	12	2.4	1	1	1.2
293	13	0.8	1	0	1.2
294	14	1	1	0	1.2
295	15	1.6	1	1	1.2
296	16	2.4	1	1	1.2
297	17	2	1	1	1.2
298	18	1.2	1	0	1.2
299	19	1	1	0	1.2
300	20	0.8	1	0	1.2
301	21	0.6	1	0	1.2
302	22	1.2	1	0	1.2
303	23	1	1	0	1.2
304	24	1.6	1	1	1.2
305	25	2.4	1	1	1.2
306	26	0.8	1	0	1.2
307	27	2	1	1	1.2
308	28	0.6	1	0	1.2
309	29	1.2	1	0	1.2
310	30	2.4	1	1	1.2
311	31	1.6	1	1	1.2
312	32	1	1	0	1.2
313	33	2	1	1	1.2
314	34	0.8	1	0	1.2
315	35	0.6	1	0	1.2
316	36	0.6	1	0	1.2
317	37	1	1	0	1.2
318	38	1.2	1	1	1.2
319	39	2	1	1	1.2
320	40	0.8	1	0	1.2
321	41	1.6	1	1	1.2
322	42	2.4	1	1	1.2
323	43	0.6	1	0	1.2
324	44	1.2	1	1	1.2
325	45	1.6	1	1	1.2
326	46	2	1	1	1.2
327	47	1	1	0	1.2
328	48	2.4	1	1	1.2
329	49	0.8	1	0	1.2
330	50	1.2	1	0	1.2
331	51	1	1	0	1.2
332	52	2.4	1	1	1.2
333	53	2	1	1	1.2
334	54	0.8	1	0	1.2
335	55	1.6	1	0	1.2
336	56	0.6	1	0	1.2
337	57	1	1	0	1.2
338	58	2.4	1	1	1.2
339	59	0.8	1	0	1.2
340	60	1.2	1	0	1.2
341	61	2	1	1	1.2
342	62	0.6	1	0	1.2
343	63	1.6	1	1	1.2
344	64	2	1	1	1.2
345	65	1.2	1	0	1.2
346	66	0.6	1	0	1.2
347	67	2.4	1	1	1.2
348	68	0.8	1	0	1.2
349	69	1.6	1	1	1.2
350	70	1	1	0	1.2
351	71	1.2	1	0	1.2
352	72	1	1	0	1.2
353	73	0.8	1	0	1.2
354	74	2	1	1	1.2
355	75	2.4	1	1	1.2
356	76	0.6	1	0	1.2
357	77	1.6	1	0	1.2
358	78	2	1	1	1.2
359	79	1.6	1	0	1.2
360	80	2.4	1	1	1.2
361	81	0.6	1	0	1.2
362	82	1	1	0	1.2
363	83	0.8	1	0	1.2
364	84	1.2	1	0	1.2
365	85	0.6	1	0	1.2
366	86	0.8	1	0	1.2
367	87	2	1	1	1.2
368	88	2.4	1	1	1.2
369	89	1	1	1	1.2
370	90	1.2	1	0	1.2
371	91	1.6	1	1	1.2
372	92	1.6	1	1	1.2
373	93	2	1	1	1.2
374	94	2.4	1	1	1.2
375	95	1.2	1	0	1.2
376	96	0.8	1	0	1.2
377	97	0.6	1	0	1.2
378	98	1	1	0	1.2
379	99	1.6	1	1	1.2
380	100	1.2	1	1	1.2
381	101	1	1	0	1.2
382	102	0.6	1	0	1.2
383	103	0.8	1	0	1.2
384	104	2	1	1	1.2
385	105	2.4	1	1	1.2
386	106	0.8	1	0	1.2
387	107	1.2	1	1	1.2
388	108	0.6	1	0	1.2
389	109	2	1	1	1.2
390	110	1.6	1	1	1.2
391	111	1	1	1	1.2
392	112	2.4	1	1	1.2
393	113	0.8	1	0	1.2
394	114	2.4	1	1	1.2
395	115	1.2	1	0	1.2
396	116	1	1	0	1.2
397	117	1.6	1	1	1.2
398	118	0.6	1	0	1.2
399	119	2	1	1	1.2
400	120	0.6	1	0	1.2
401	121	1.2	1	0	1.2
402	122	1.6	1	1	1.2
403	123	2.4	1	1	1.2
404	124	0.8	1	0	1.2
405	125	1	1	0	1.2
406	126	2	1	1	1.2
407	127	1.6	1	1	1.2
408	128	0.8	1	0	1.2
409	129	2	1	1	1.2
410	130	1	1	1	1.2
411	131	0.6	1	0	1.2
412	132	2.4	1	1	1.2
413	133	1.2	1	0	1.2
414	134	2	1	1	1.2
415	135	1.2	1	0	1.2
416	136	0.6	1	0	1.2
417	137	2.4	1	1	1.2
418	138	0.8	1	0	1.2
419	139	1.6	1	1	1.2
420	140	1	1	0	1.2
421	1	1.2	0	0	1.2
422	2	2	0	0	1.2
423	3	2.4	0	1	1.2
424	4	0.6	0	0	1.2
425	5	1	0	0	1.2
426	6	0.8	0	0	1.2
427	7	1.6	0	0	1.2
428	8	2.4	0	1	1.2
429	9	1.2	0	0	1.2
430	10	1	0	0	1.2
431	11	2	0	1	1.2
432	12	0.8	0	0	1.2
433	13	1.6	0	0	1.2
434	14	0.6	0	0	1.2
435	15	2.4	0	1	1.2
436	16	2	0	1	1.2
437	17	1.6	0	0	1.2
438	18	1.2	0	0	1.2
439	19	1	0	0	1.2
440	20	0.8	0	0	1.2
441	21	0.6	0	0	1.2
442	22	1	0	0	1.2
443	23	1.6	0	0	1.2
444	24	2	0	1	1.2
445	25	1.2	0	0	1.2
446	26	0.6	0	0	1.2
447	27	0.8	0	0	1.2
448	28	2.4	0	1	1.2
449	29	2.4	0	1	1.2
450	30	0.6	0	0	1.2
451	31	1.6	0	0	1.2
452	32	2	0	1	1.2
453	33	1	0	0	1.2
454	34	0.8	0	0	1.2
455	35	1.2	0	0	1.2
456	36	1.2	0	0	1.2
457	37	2.4	0	1	1.2
458	38	0.6	0	0	1.2
459	39	1.6	0	0	1.2
460	40	1	0	0	1.2
461	41	0.8	0	0	1.2
462	42	2	0	1	1.2
463	43	0.8	0	0	1.2
464	44	2.4	0	1	1.2
465	45	2	0	1	1.2
466	46	0.6	0	0	1.2
467	47	1.6	0	0	1.2
468	48	1.2	0	0	1.2
469	49	1	0	0	1.2
470	50	1	0	0	1.2
471	51	1.2	0	0	1.2
472	52	2	0	1	1.2
473	53	0.6	0	0	1.2
474	54	2.4	0	1	1.2
475	55	1.6	0	0	1.2
476	56	0.8	0	0	1.2
477	57	0.8	0	0	1.2
478	58	1.2	0	0	1.2
479	59	1.6	0	0	1.2
480	60	0.6	0	0	1.2
481	61	2	0	0	1.2
482	62	2.4	0	1	1.2
483	63	1	0	0	1.2
484	64	1.2	0	0	1.2
485	65	0.8	0	0	1.2
486	66	1	0	0	1.2
487	67	0.6	0	0	1.2
488	68	2.4	0	1	1.2
489	69	1.6	0	1	1.2
490	70	2	0	1	1.2
491	71	1	0	0	1.2
492	72	0.8	0	0	1.2
493	73	2.4	0	0	1.2
494	74	1.6	0	0	1.2
495	75	1.2	0	0	1.2
496	76	2	0	1	1.2
497	77	0.6	0	0	1.2
498	78	1	0	0	1.2
499	79	2	0	1	1.2
500	80	1.6	0	0	1.2
501	81	0.8	0	0	1.2
502	82	0.6	0	0	1.2
503	83	1.2	0	0	1.2
504	84	2.4	0	1	1.2
505	85	0.6	0	0	1.2
506	86	1	0	0	1.2
507	87	2.4	0	1	1.2
508	88	0.8	0	0	1.2
509	89	1.2	0	0	1.2
510	90	2	0	1	1.2
511	91	1.6	0	0	1.2
512	92	0.8	0	0	1.2
513	93	2	0	1	1.2
514	94	2.4	0	1	1.2
515	95	0.6	0	0	1.2
516	96	1	0	0	1.2
517	97	1.2	0	0	1.2
518	98	1.6	0	1	1.2
519	99	0.8	0	0	1.2
520	100	2.4	0	1	1.2
521	101	2	0	1	1.2
522	102	1.6	0	1	1.2
523	103	1	0	0	1.2
524	104	1.2	0	0	1.2
525	105	0.6	0	0	1.2
526	106	0.8	0	0	1.2
527	107	2	0	1	1.2
528	108	1	0	0	1.2
529	109	0.6	0	0	1.2
530	110	2.4	0	1	1.2
531	111	1.6	0	0	1.2
532	112	1.2	0	0	1.2
533	113	0.6	0	0	1.2
534	114	2	0	1	1.2
535	115	1.6	0	0	1.2
536	116	2.4	0	1	1.2
537	117	1	0	0	1.2
538	118	0.8	0	0	1.2
539	119	1.2	0	0	1.2
540	120	1.2	0	0	1.2
541	121	1	0	0	1.2
542	122	0.6	0	0	1.2
543	123	2	0	1	1.2
544	124	2.4	0	1	1.2
545	125	1.6	0	1	1.2
546	126	0.8	0	0	1.2
547	127	0.8	0	0	1.2
548	128	2	0	1	1.2
549	129	2.4	0	1	1.2
550	130	1.2	0	0	1.2
551	131	1.6	0	0	1.2
552	132	1	0	0	1.2
553	133	0.6	0	0	1.2
554	134	0.6	0	0	1.2
555	135	1	0	0	1.2
556	136	2	0	1	1.2
557	137	2.4	0	1	1.2
558	138	1.2	0	0	1.2
559	139	1.6	0	1	1.2
560	140	0.8	0	0	1.2
561	1	0.8	0	1	0.6
562	2	0.4	0	0	0.6
563	3	1.2	0	1	0.6
564	4	0.5	0	1	0.6
565	5	0.3	0	0	0.6
566	6	0.6	0	1	0.6
567	7	1	0	1	0.6
568	8	0.8	0	0	0.6
569	9	0.6	0	0	0.6
570	10	1	0	1	0.6
571	11	0.5	0	0	0.6
572	12	0.4	0	0	0.6
573	13	0.3	0	0	0.6
574	14	1.2	0	1	0.6
575	15	0.4	0	0	0.6
576	16	0.3	0	0	0.6
577	17	1.2	0	1	0.6
578	18	0.6	0	0	0.6
579	19	1	0	1	0.6
580	20	0.8	0	1	0.6
581	21	0.5	0	0	0.6
582	22	0.4	0	0	0.6
583	23	0.3	0	0	0.6
584	24	0.5	0	0	0.6
585	25	0.6	0	1	0.6
586	26	1	0	1	0.6
587	27	0.8	0	1	0.6
588	28	1.2	0	1	0.6
589	29	1.2	0	1	0.6
590	30	1	0	1	0.6
591	31	0.4	0	0	0.6
592	32	0.6	0	0	0.6
593	33	0.8	0	0	0.6
594	34	0.3	0	0	0.6
595	35	0.5	0	0	0.6
596	36	0.6	0	0	0.6
597	37	0.3	0	0	0.6
598	38	0.4	0	0	0.6
599	39	1.2	0	1	0.6
600	40	1	0	1	0.6
601	41	0.8	0	1	0.6
602	42	0.5	0	0	0.6
603	43	0.5	0	0	0.6
604	44	0.6	0	0	0.6
605	45	0.3	0	0	0.6
606	46	1	0	1	0.6
607	47	1.2	0	1	0.6
608	48	0.8	0	1	0.6
609	49	0.4	0	0	0.6
610	50	0.8	0	1	0.6
611	51	0.6	0	0	0.6
612	52	0.5	0	0	0.6
613	53	0.4	0	0	0.6
614	54	1.2	0	1	0.6
615	55	1	0	1	0.6
616	56	0.3	0	0	0.6
617	57	0.8	0	1	0.6
618	58	0.4	0	0	0.6
619	59	1	0	1	0.6
620	60	1.2	0	1	0.6
621	61	0.6	0	1	0.6
622	62	0.3	0	0	0.6
623	63	0.5	0	0	0.6
624	64	1	0	1	0.6
625	65	0.5	0	0	0.6
626	66	0.3	0	0	0.6
627	67	0.8	0	1	0.6
628	68	1.2	0	1	0.6
629	69	0.4	0	0	0.6
630	70	0.6	0	0	0.6
631	71	0.5	0	0	0.6
632	72	0.4	0	0	0.6
633	73	0.8	0	1	0.6
634	74	1	0	1	0.6
635	75	0.6	0	0	0.6
636	76	1.2	0	0	0.6
637	77	0.3	0	0	0.6
638	78	0.8	0	0	0.6
639	79	1.2	0	1	0.6
640	80	1	0	1	0.6
641	81	0.6	0	0	0.6
642	82	0.3	0	0	0.6
643	83	0.5	0	0	0.6
644	84	0.4	0	0	0.6
645	85	0.4	0	0	0.6
646	86	1	0	1	0.6
647	87	0.3	0	0	0.6
648	88	0.5	0	0	0.6
649	89	1.2	0	1	0.6
650	90	0.8	0	0	0.6
651	91	0.6	0	0	0.6
652	92	0.6	0	1	0.6
653	93	0.8	0	1	0.6
654	94	0.5	0	0	0.6
655	95	0.4	0	0	0.6
656	96	1	0	1	0.6
657	97	0.3	0	0	0.6
658	98	1.2	0	1	0.6
659	99	1.2	0	1	0.6
660	100	0.4	0	0	0.6
661	101	0.3	0	0	0.6
662	102	0.8	0	1	0.6
663	103	0.6	0	0	0.6
664	104	0.5	0	1	0.6
665	105	1	0	1	0.6
666	106	0.8	0	1	0.6
667	107	0.5	0	0	0.6
668	108	1	0	1	0.6
669	109	1.2	0	1	0.6
670	110	0.3	0	0	0.6
671	111	0.6	0	0	0.6
672	112	0.4	0	0	0.6
673	113	0.8	0	0	0.6
674	114	1.2	0	1	0.6
675	115	0.6	0	0	0.6
676	116	0.4	0	0	0.6
677	117	0.3	0	0	0.6
678	118	0.5	0	0	0.6
679	119	1	0	1	0.6
680	120	0.8	0	0	0.6
681	121	0.6	0	0	0.6
682	122	1	0	1	0.6
683	123	0.4	0	0	0.6
684	124	0.5	0	0	0.6
685	125	1.2	0	1	0.6
686	126	0.3	0	0	0.6
687	127	0.8	0	1	0.6
688	128	0.4	0	0	0.6
689	129	0.6	0	0	0.6
690	130	1.2	0	1	0.6
691	131	1	0	1	0.6
692	132	0.5	0	0	0.6
693	133	0.3	0	0	0.6
694	134	0.3	0	0	0.6
695	135	1.2	0	1	0.6
696	136	0.4	0	0	0.6
697	137	0.5	0	0	0.6
698	138	1	0	1	0.6
699	139	0.8	0	1	0.6
700	140	0.6	0	0	0.6
701	1	1.2	1	1	0.6
702	2	0.4	1	0	0.6
703	3	0.6	1	1	0.6
704	4	0.5	1	0	0.6
705	5	0.3	1	0	0.6
706	6	1	1	1	0.6
707	7	0.8	1	1	0.6
708	8	0.8	1	1	0.6
709	9	0.5	1	0	0.6
710	10	0.6	1	1	0.6
711	11	0.3	1	0	0.6
712	12	0.4	1	0	0.6
713	13	1.2	1	1	0.6
714	14	1	1	1	0.6
715	15	1.2	1	1	0.6
716	16	0.8	1	1	0.6
717	17	0.4	1	0	0.6
718	18	0.5	1	1	0.6
719	19	0.3	1	0	0.6
720	20	0.6	1	1	0.6
721	21	1	1	1	0.6
722	22	1	1	1	0.6
723	23	0.4	1	0	0.6
724	24	0.6	1	1	0.6
725	25	0.3	1	0	0.6
726	26	1.2	1	1	0.6
727	27	0.5	1	1	0.6
728	28	0.8	1	1	0.6
729	29	0.8	1	1	0.6
730	30	1	1	1	0.6
731	31	0.3	1	0	0.6
732	32	0.5	1	1	0.6
733	33	0.4	1	0	0.6
734	34	0.6	1	1	0.6
735	35	1.2	1	1	0.6
736	36	1.2	1	1	0.6
737	37	0.8	1	1	0.6
738	38	0.5	1	0	0.6
739	39	0.6	1	1	0.6
740	40	1	1	1	0.6
741	41	0.3	1	0	0.6
742	42	0.4	1	1	0.6
743	43	0.5	1	1	0.6
744	44	0.4	1	0	0.6
745	45	1.2	1	1	0.6
746	46	1	1	1	0.6
747	47	0.3	1	0	0.6
748	48	0.6	1	0	0.6
749	49	0.8	1	1	0.6
750	50	0.8	1	1	0.6
751	51	0.3	1	0	0.6
752	52	1.2	1	1	0.6
753	53	0.6	1	1	0.6
754	54	0.4	1	1	0.6
755	55	1	1	1	0.6
756	56	0.5	1	0	0.6
757	57	0.4	1	0	0.6
758	58	1.2	1	1	0.6
759	59	0.8	1	1	0.6
760	60	0.5	1	1	0.6
761	61	0.3	1	0	0.6
762	62	1	1	1	0.6
763	63	0.6	1	1	0.6
764	64	0.4	1	0	0.6
765	65	1	1	1	0.6
766	66	0.6	1	1	0.6
767	67	1.2	1	1	0.6
768	68	0.3	1	0	0.6
769	69	0.8	1	1	0.6
770	70	0.5	1	1	0.6
771	71	0.3	1	0	0.6
772	72	1	1	1	0.6
773	73	0.6	1	1	0.6
774	74	1.2	1	1	0.6
775	75	0.8	1	1	0.6
776	76	0.5	1	1	0.6
777	77	0.4	1	0	0.6
778	78	1.2	1	1	0.6
779	79	0.6	1	1	0.6
780	80	0.3	1	0	0.6
781	81	0.5	1	0	0.6
782	82	1	1	1	0.6
783	83	0.4	1	0	0.6
784	84	0.8	1	1	0.6
785	85	1	1	1	0.6
786	86	0.4	1	0	0.6
787	87	1.2	1	1	0.6
788	88	0.5	1	0	0.6
789	89	0.8	1	1	0.6
790	90	0.3	1	0	0.6
791	91	0.6	1	1	0.6
792	92	1	1	1	0.6
793	93	0.3	1	0	0.6
794	94	0.4	1	0	0.6
795	95	0.8	1	1	0.6
796	96	0.5	1	1	0.6
797	97	0.6	1	1	0.6
798	98	1.2	1	1	0.6
799	99	0.4	1	0	0.6
800	100	1	1	1	0.6
801	101	0.5	1	1	0.6
802	102	0.6	1	1	0.6
803	103	0.3	1	0	0.6
804	104	1.2	1	1	0.6
805	105	0.8	1	1	0.6
806	106	1	1	1	0.6
807	107	1.2	1	1	0.6
808	108	0.3	1	0	0.6
809	109	0.6	1	1	0.6
810	110	0.4	1	0	0.6
811	111	0.5	1	0	0.6
812	112	0.8	1	1	0.6
813	113	0.6	1	1	0.6
814	114	0.5	1	0	0.6
815	115	1	1	1	0.6
816	116	0.4	1	0	0.6
817	117	1.2	1	1	0.6
818	118	0.8	1	1	0.6
819	119	0.3	1	0	0.6
820	120	1	1	1	0.6
821	121	0.3	1	0	0.6
822	122	0.5	1	0	0.6
823	123	0.4	1	0	0.6
824	124	0.8	1	1	0.6
825	125	0.6	1	1	0.6
826	126	1.2	1	1	0.6
827	127	0.5	1	0	0.6
828	128	0.8	1	1	0.6
829	129	1.2	1	1	0.6
830	130	0.6	1	0	0.6
831	131	0.4	1	0	0.6
832	132	1	1	1	0.6
833	133	0.3	1	0	0.6
834	134	0.5	1	1	0.6
835	135	0.6	1	1	0.6
836	136	1.2	1	1	0.6
837	137	1	1	1	0.6
838	138	0.4	1	1	0.6
839	139	0.3	1	0	0.6
840	140	0.8	1	1	0.6
841	1	2.4	1	1	1.2
842	2	1	1	0	1.2
843	3	2	1	1	1.2
844	4	1.2	1	1	1.2
845	5	0.8	1	0	1.2
846	6	0.6	1	0	1.2
847	7	1.6	1	1	1.2
848	8	0.6	1	0	1.2
849	9	1.6	1	1	1.2
850	10	2.4	1	1	1.2
851	11	1.2	1	1	1.2
852	12	1	1	1	1.2
853	13	2	1	1	1.2
854	14	0.8	1	0	1.2
855	15	1	1	1	1.2
856	16	2.4	1	1	1.2
857	17	0.6	1	0	1.2
858	18	0.8	1	0	1.2
859	19	2	1	1	1.2
860	20	1.6	1	1	1.2
861	21	1.2	1	1	1.2
862	22	0.8	1	0	1.2
863	23	1	1	1	1.2
864	24	1.6	1	1	1.2
865	25	0.6	1	0	1.2
866	26	2	1	1	1.2
867	27	2.4	1	1	1.2
868	28	1.2	1	1	1.2
869	29	2.4	1	1	1.2
870	30	1.2	1	1	1.2
871	31	0.8	1	0	1.2
872	32	1.6	1	1	1.2
873	33	1	1	1	1.2
874	34	0.6	1	0	1.2
875	35	2	1	1	1.2
876	36	2	1	1	1.2
877	37	0.8	1	0	1.2
878	38	1	1	1	1.2
879	39	0.6	1	0	1.2
880	40	2.4	1	1	1.2
881	41	1.6	1	1	1.2
882	42	1.2	1	1	1.2
883	43	2	1	1	1.2
884	44	2.4	1	1	1.2
885	45	1	1	1	1.2
886	46	1.6	1	1	1.2
887	47	0.6	1	0	1.2
888	48	1.2	1	1	1.2
889	49	0.8	1	0	1.2
890	50	2.4	1	1	1.2
891	51	1.6	1	1	1.2
892	52	1.2	1	1	1.2
893	53	0.6	1	0	1.2
894	54	2	1	1	1.2
895	55	1	1	0	1.2
896	56	0.8	1	0	1.2
897	57	2	1	1	1.2
898	58	1	1	0	1.2
899	59	2.4	1	1	1.2
900	60	0.6	1	0	1.2
901	61	1.6	1	1	1.2
902	62	1.2	1	1	1.2
903	63	0.8	1	0	1.2
904	64	0.8	1	0	1.2
905	65	1	1	1	1.2
906	66	2.4	1	1	1.2
907	67	0.6	1	0	1.2
908	68	1.2	1	1	1.2
909	69	1.6	1	1	1.2
910	70	2	1	1	1.2
911	71	0.8	1	0	1.2
912	72	0.6	1	0	1.2
913	73	1	1	0	1.2
914	74	2.4	1	1	1.2
915	75	2	1	1	1.2
916	76	1.2	1	1	1.2
917	77	1.6	1	1	1.2
918	78	0.8	1	0	1.2
919	79	0.6	1	0	1.2
920	80	2	1	1	1.2
921	81	1	1	0	1.2
922	82	1.2	1	1	1.2
923	83	1.6	1	1	1.2
924	84	2.4	1	1	1.2
925	85	2.4	1	1	1.2
926	86	1	1	0	1.2
927	87	0.6	1	0	1.2
928	88	1.2	1	1	1.2
929	89	2	1	1	1.2
930	90	0.8	1	0	1.2
931	91	1.6	1	1	1.2
932	92	2	1	1	1.2
933	93	0.8	1	0	1.2
934	94	1	1	0	1.2
935	95	1.6	1	1	1.2
936	96	0.6	1	0	1.2
937	97	1.2	1	1	1.2
938	98	2.4	1	1	1.2
939	99	1.2	1	1	1.2
940	100	2.4	1	1	1.2
941	101	2	1	1	1.2
942	102	1.6	1	1	1.2
943	103	0.6	1	0	1.2
944	104	0.8	1	0	1.2
945	105	1	1	0	1.2
946	106	0.8	1	0	1.2
947	107	1.2	1	1	1.2
948	108	1.6	1	1	1.2
949	109	2.4	1	1	1.2
950	110	0.6	1	0	1.2
951	111	1	1	1	1.2
952	112	2	1	1	1.2
953	113	1.2	1	0	1.2
954	114	2.4	1	1	1.2
955	115	2	1	1	1.2
956	116	1.6	1	1	1.2
957	117	0.6	1	0	1.2
958	118	1	1	0	1.2
959	119	0.8	1	0	1.2
960	120	2	1	1	1.2
961	121	1.2	1	0	1.2
962	122	1.6	1	1	1.2
963	123	0.8	1	0	1.2
964	124	0.6	1	0	1.2
965	125	2.4	1	1	1.2
966	126	1	1	1	1.2
967	127	1.6	1	1	1.2
968	128	1.2	1	1	1.2
969	129	2	1	1	1.2
970	130	1	1	1	1.2
971	131	2.4	1	1	1.2
972	132	0.8	1	0	1.2
973	133	0.6	1	0	1.2
974	134	0.6	1	0	1.2
975	135	0.8	1	0	1.2
976	136	2	1	1	1.2
977	137	1.2	1	1	1.2
978	138	2.4	1	1	1.2
979	139	1	1	0	1.2
980	140	1.6	1	1	1.2
981	1	1.6	0	0	1.2
982	2	2.4	0	1	1.2
983	3	1	0	0	1.2
984	4	1.2	0	0	1.2
985	5	2	0	0	1.2
986	6	0.8	0	0	1.2
987	7	0.6	0	0	1.2
988	8	0.8	0	0	1.2
989	9	1.2	0	0	1.2
990	10	2.4	0	1	1.2
991	11	1.6	0	0	1.2
992	12	0.6	0	0	1.2
993	13	1	0	0	1.2
994	14	2	0	1	1.2
995	15	2	0	1	1.2
996	16	0.6	0	0	1.2
997	17	0.8	0	0	1.2
998	18	2.4	0	1	1.2
999	19	1	0	0	1.2
1000	20	1.6	0	1	1.2
1001	21	1.2	0	0	1.2
1002	22	1	0	0	1.2
1003	23	2.4	0	1	1.2
1004	24	2	0	1	1.2
1005	25	1.6	0	1	1.2
1006	26	1.2	0	0	1.2
1007	27	0.6	0	0	1.2
1008	28	0.8	0	0	1.2
1009	29	2	0	1	1.2
1010	30	1.6	0	1	1.2
1011	31	0.8	0	0	1.2
1012	32	2.4	0	1	1.2
1013	33	1.2	0	0	1.2
1014	34	1	0	0	1.2
1015	35	0.6	0	0	1.2
1016	36	2.4	0	1	1.2
1017	37	2	0	1	1.2
1018	38	1	0	0	1.2
1019	39	1.6	0	1	1.2
1020	40	0.8	0	0	1.2
1021	41	0.6	0	0	1.2
1022	42	1.2	0	0	1.2
1023	43	0.6	0	0	1.2
1024	44	2	0	1	1.2
1025	45	2.4	0	1	1.2
1026	46	0.8	0	0	1.2
1027	47	1.2	0	1	1.2
1028	48	1	0	0	1.2
1029	49	1.6	0	1	1.2
1030	50	1.6	0	1	1.2
1031	51	1	0	0	1.2
1032	52	1.2	0	1	1.2
1033	53	2	0	1	1.2
1034	54	2.4	0	1	1.2
1035	55	0.8	0	0	1.2
1036	56	0.6	0	0	1.2
1037	57	1.6	0	1	1.2
1038	58	0.6	0	0	1.2
1039	59	1.2	0	1	1.2
1040	60	2.4	0	1	1.2
1041	61	0.8	0	0	1.2
1042	62	2	0	1	1.2
1043	63	1	0	0	1.2
1044	64	2	0	1	1.2
1045	65	1.6	0	1	1.2
1046	66	1.2	0	0	1.2
1047	67	0.8	0	0	1.2
1048	68	0.6	0	0	1.2
1049	69	1	0	0	1.2
1050	70	2.4	0	1	1.2
1051	71	2	0	1	1.2
1052	72	0.8	0	0	1.2
1053	73	1.2	0	0	1.2
1054	74	2.4	0	1	1.2
1055	75	0.6	0	0	1.2
1056	76	1	0	0	1.2
1057	77	1.6	0	1	1.2
1058	78	1	0	0	1.2
1059	79	2.4	0	1	1.2
1060	80	0.6	0	0	1.2
1061	81	0.8	0	1	1.2
1062	82	1.6	0	1	1.2
1063	83	2	0	1	1.2
1064	84	1.2	0	0	1.2
1065	85	1.2	0	0	1.2
1066	86	1	0	0	1.2
1067	87	0.8	0	0	1.2
1068	88	2	0	1	1.2
1069	89	2.4	0	1	1.2
1070	90	1.6	0	1	1.2
1071	91	0.6	0	0	1.2
1072	92	0.8	0	0	1.2
1073	93	1.2	0	0	1.2
1074	94	2.4	0	1	1.2
1075	95	1	0	1	1.2
1076	96	1.6	0	1	1.2
1077	97	0.6	0	0	1.2
1078	98	2	0	1	1.2
1079	99	1.2	0	1	1.2
1080	100	0.6	0	0	1.2
1081	101	0.8	0	0	1.2
1082	102	1	0	0	1.2
1083	103	2	0	1	1.2
1084	104	2.4	0	1	1.2
1085	105	1.6	0	1	1.2
1086	106	0.6	0	0	1.2
1087	107	0.8	0	0	1.2
1088	108	1.6	0	1	1.2
1089	109	2	0	1	1.2
1090	110	1	0	0	1.2
1091	111	2.4	0	1	1.2
1092	112	1.2	0	1	1.2
1093	113	0.6	0	0	1.2
1094	114	0.8	0	0	1.2
1095	115	1	0	0	1.2
1096	116	1.6	0	1	1.2
1097	117	2	0	1	1.2
1098	118	1.2	0	1	1.2
1099	119	2.4	0	1	1.2
1100	120	2	0	1	1.2
1101	121	1.6	0	1	1.2
1102	122	0.8	0	0	1.2
1103	123	2.4	0	1	1.2
1104	124	1	0	0	1.2
1105	125	0.6	0	0	1.2
1106	126	1.2	0	1	1.2
1107	127	1.6	0	1	1.2
1108	128	2.4	0	1	1.2
1109	129	2	0	1	1.2
1110	130	0.8	0	0	1.2
1111	131	1	0	1	1.2
1112	132	1.2	0	1	1.2
1113	133	0.6	0	0	1.2
1114	134	1.6	0	1	1.2
1115	135	1.2	0	0	1.2
1116	136	1	0	0	1.2
1117	137	2.4	0	1	1.2
1118	138	0.6	0	1	1.2
1119	139	2	0	1	1.2
1120	140	0.8	0	0	1.2
1121	1	1	1	0	1.2
1122	2	2.4	1	1	1.2
1123	3	2	1	1	1.2
1124	4	1.2	1	0	1.2
1125	5	1.6	1	1	1.2
1126	6	0.8	1	0	1.2
1127	7	0.6	1	0	1.2
1128	8	1	1	1	1.2
1129	9	0.6	1	0	1.2
1130	10	2.4	1	1	1.2
1131	11	1.2	1	1	1.2
1132	12	0.8	1	0	1.2
1133	13	1.6	1	1	1.2
1134	14	2	1	1	1.2
1135	15	0.8	1	0	1.2
1136	16	2	1	1	1.2
1137	17	1	1	0	1.2
1138	18	0.6	1	0	1.2
1139	19	1.6	1	1	1.2
1140	20	2.4	1	1	1.2
1141	21	1.2	1	1	1.2
1142	22	2	1	1	1.2
1143	23	0.8	1	0	1.2
1144	24	1.2	1	1	1.2
1145	25	1.6	1	1	1.2
1146	26	0.6	1	0	1.2
1147	27	2.4	1	1	1.2
1148	28	1	1	1	1.2
1149	29	0.8	1	0	1.2
1150	30	1.2	1	1	1.2
1151	31	1.6	1	1	1.2
1152	32	2	1	1	1.2
1153	33	0.6	1	0	1.2
1154	34	2.4	1	1	1.2
1155	35	1	1	0	1.2
1156	36	1.6	1	1	1.2
1157	37	2.4	1	1	1.2
1158	38	0.8	1	0	1.2
1159	39	2	1	1	1.2
1160	40	1	1	0	1.2
1161	41	0.6	1	0	1.2
1162	42	1.2	1	1	1.2
1163	43	2.4	1	1	1.2
1164	44	0.6	1	0	1.2
1165	45	1	1	1	1.2
1166	46	2	1	1	1.2
1167	47	1.2	1	1	1.2
1168	48	0.8	1	0	1.2
1169	49	1.6	1	1	1.2
1170	50	2.4	1	1	1.2
1171	51	1.6	1	1	1.2
1172	52	0.8	1	0	1.2
1173	53	1.2	1	1	1.2
1174	54	1	1	1	1.2
1175	55	2	1	1	1.2
1176	56	0.6	1	0	1.2
1177	57	2	1	1	1.2
1178	58	0.6	1	0	1.2
1179	59	1	1	1	1.2
1180	60	1.2	1	1	1.2
1181	61	2.4	1	1	1.2
1182	62	1.6	1	1	1.2
1183	63	0.8	1	0	1.2
1184	64	2	1	1	1.2
1185	65	1.2	1	1	1.2
1186	66	1.6	1	1	1.2
1187	67	0.8	1	0	1.2
1188	68	2.4	1	1	1.2
1189	69	1	1	1	1.2
1190	70	0.6	1	0	1.2
1191	71	2	1	1	1.2
1192	72	1	1	1	1.2
1193	73	2.4	1	1	1.2
1194	74	1.6	1	1	1.2
1195	75	1.2	1	1	1.2
1196	76	0.6	1	0	1.2
1197	77	0.8	1	0	1.2
1198	78	2	1	1	1.2
1199	79	1.6	1	1	1.2
1200	80	0.6	1	0	1.2
1201	81	1.2	1	1	1.2
1202	82	0.8	1	0	1.2
1203	83	2.4	1	1	1.2
1204	84	1	1	1	1.2
1205	85	1.6	1	1	1.2
1206	86	1.2	1	1	1.2
1207	87	2	1	1	1.2
1208	88	1	1	1	1.2
1209	89	2.4	1	1	1.2
1210	90	0.6	1	0	1.2
1211	91	0.8	1	0	1.2
1212	92	1	1	1	1.2
1213	93	2.4	1	1	1.2
1214	94	0.6	1	0	1.2
1215	95	0.8	1	0	1.2
1216	96	1.2	1	1	1.2
1217	97	2	1	1	1.2
1218	98	1.6	1	1	1.2
1219	99	1	1	1	1.2
1220	100	0.8	1	0	1.2
1221	101	1.2	1	1	1.2
1222	102	2	1	1	1.2
1223	103	0.6	1	0	1.2
1224	104	2.4	1	1	1.2
1225	105	1.6	1	1	1.2
1226	106	0.6	1	0	1.2
1227	107	0.8	1	0	1.2
1228	108	2	1	1	1.2
1229	109	1.6	1	1	1.2
1230	110	2.4	1	1	1.2
1231	111	1.2	1	1	1.2
1232	112	1	1	1	1.2
1233	113	1.6	1	1	1.2
1234	114	0.6	1	0	1.2
1235	115	1	1	1	1.2
1236	116	2.4	1	1	1.2
1237	117	0.8	1	0	1.2
1238	118	2	1	1	1.2
1239	119	1.2	1	1	1.2
1240	120	2.4	1	1	1.2
1241	121	0.8	1	1	1.2
1242	122	2	1	1	1.2
1243	123	1.2	1	1	1.2
1244	124	0.6	1	0	1.2
1245	125	1	1	1	1.2
1246	126	1.6	1	1	1.2
1247	127	1	1	1	1.2
1248	128	2	1	1	1.2
1249	129	2.4	1	1	1.2
1250	130	1.6	1	1	1.2
1251	131	0.6	1	0	1.2
1252	132	1.2	1	1	1.2
1253	133	0.8	1	0	1.2
1254	134	2	1	1	1.2
1255	135	1.6	1	1	1.2
1256	136	0.6	1	0	1.2
1257	137	1	1	1	1.2
1258	138	0.8	1	1	1.2
1259	139	2.4	1	1	1.2
1260	140	1.2	1	1	1.2
1261	1	0.8	0	0	1.2
1262	2	2.4	0	1	1.2
1263	3	2	0	1	1.2
1264	4	1.6	0	1	1.2
1265	5	0.6	0	0	1.2
1266	6	1.2	0	0	1.2
1267	7	1	0	0	1.2
1268	8	0.8	0	0	1.2
1269	9	2	0	1	1.2
1270	10	0.6	0	0	1.2
1271	11	1.6	0	1	1.2
1272	12	2.4	0	1	1.2
1273	13	1	0	0	1.2
1274	14	1.2	0	0	1.2
1275	15	1	0	0	1.2
1276	16	1.6	0	1	1.2
1277	17	2.4	0	1	1.2
1278	18	0.8	0	0	1.2
1279	19	0.6	0	0	1.2
1280	20	1.2	0	1	1.2
1281	21	2	0	1	1.2
1282	22	0.8	0	0	1.2
1283	23	2	0	1	1.2
1284	24	0.6	0	0	1.2
1285	25	2.4	0	1	1.2
1286	26	1	0	0	1.2
1287	27	1.2	0	0	1.2
1288	28	1.6	0	1	1.2
1289	29	1.2	0	0	1.2
1290	30	0.8	0	0	1.2
1291	31	0.6	0	0	1.2
1292	32	1.6	0	1	1.2
1293	33	2.4	0	1	1.2
1294	34	1	0	0	1.2
1295	35	2	0	1	1.2
1296	36	1.6	0	1	1.2
1297	37	1	0	0	1.2
1298	38	2	0	1	1.2
1299	39	1.2	0	1	1.2
1300	40	2.4	0	1	1.2
1301	41	0.6	0	0	1.2
1302	42	0.8	0	0	1.2
1303	43	0.6	0	0	1.2
1304	44	0.8	0	0	1.2
1305	45	1	0	1	1.2
1306	46	2	0	1	1.2
1307	47	1.2	0	1	1.2
1308	48	1.6	0	1	1.2
1309	49	2.4	0	1	1.2
1310	50	1	0	0	1.2
1311	51	0.8	0	0	1.2
1312	52	2	0	1	1.2
1313	53	2.4	0	1	1.2
1314	54	0.6	0	0	1.2
1315	55	1.6	0	1	1.2
1316	56	1.2	0	1	1.2
1317	57	2	0	1	1.2
1318	58	1.6	0	1	1.2
1319	59	1.2	0	1	1.2
1320	60	1	0	0	1.2
1321	61	0.6	0	0	1.2
1322	62	0.8	0	0	1.2
1323	63	2.4	0	1	1.2
1324	64	1.2	0	1	1.2
1325	65	1.6	0	1	1.2
1326	66	2.4	0	1	1.2
1327	67	2	0	1	1.2
1328	68	0.6	0	0	1.2
1329	69	0.8	0	0	1.2
1330	70	1	0	0	1.2
1331	71	0.8	0	0	1.2
1332	72	2.4	0	1	1.2
1333	73	1.2	0	1	1.2
1334	74	1	0	0	1.2
1335	75	0.6	0	0	1.2
1336	76	1.6	0	1	1.2
1337	77	2	0	1	1.2
1338	78	2.4	0	1	1.2
1339	79	1	0	0	1.2
1340	80	0.8	0	0	1.2
1341	81	1.2	0	0	1.2
1342	82	0.6	0	0	1.2
1343	83	2	0	1	1.2
1344	84	1.6	0	1	1.2
1345	85	1	0	0	1.2
1346	86	0.8	0	0	1.2
1347	87	1.6	0	1	1.2
1348	88	1.2	0	1	1.2
1349	89	0.6	0	0	1.2
1350	90	2.4	0	1	1.2
1351	91	2	0	1	1.2
1352	92	2.4	0	1	1.2
1353	93	1.2	0	0	1.2
1354	94	0.8	0	0	1.2
1355	95	1.6	0	1	1.2
1356	96	0.6	0	0	1.2
1357	97	2	0	1	1.2
1358	98	1	0	0	1.2
1359	99	1.6	0	1	1.2
1360	100	0.6	0	0	1.2
1361	101	0.8	0	0	1.2
1362	102	2.4	0	1	1.2
1363	103	1.2	0	1	1.2
1364	104	1	0	1	1.2
1365	105	2	0	1	1.2
1366	106	0.8	0	0	1.2
1367	107	1.6	0	1	1.2
1368	108	0.6	0	0	1.2
1369	109	1	0	0	1.2
1370	110	1.2	0	1	1.2
1371	111	2	0	1	1.2
1372	112	2.4	0	1	1.2
1373	113	1	0	0	1.2
1374	114	0.6	0	0	1.2
1375	115	1.2	0	1	1.2
1376	116	0.8	0	0	1.2
1377	117	2	0	1	1.2
1378	118	2.4	0	1	1.2
1379	119	1.6	0	1	1.2
1380	120	0.6	0	0	1.2
1381	121	0.8	0	0	1.2
1382	122	1	0	1	1.2
1383	123	1.2	0	1	1.2
1384	124	1.6	0	1	1.2
1385	125	2	0	1	1.2
1386	126	2.4	0	1	1.2
1387	127	2	0	1	1.2
1388	128	0.8	0	0	1.2
1389	129	1	0	0	1.2
1390	130	1.6	0	1	1.2
1391	131	2.4	0	1	1.2
1392	132	1.2	0	1	1.2
1393	133	0.6	0	0	1.2
1394	134	1.2	0	0	1.2
1395	135	0.6	0	0	1.2
1396	136	2	0	1	1.2
1397	137	1.6	0	1	1.2
1398	138	2.4	0	1	1.2
1399	139	0.8	0	0	1.2
1400	140	1	0	0	1.2
