subject	 trial	 soa	 response

gs 	1 	0.15 	1
gs 	2 	-0.1 	1
gs 	3 	-0.05 	0
gs 	4 	0.2 	1
gs 	5 	0.25 	1
gs 	6 	0.0 	0
gs 	7 	0.05 	0
gs 	8 	-0.25 	0
gs 	9 	-0.15 	0
gs 	10 	0.1 	1
gs 	11 	-0.2 	0
gs 	12 	-0.05 	0
gs 	13 	-0.25 	0
gs 	14 	0.1 	1
gs 	15 	-0.1 	0
gs 	16 	0.0 	0
gs 	17 	0.05 	1
gs 	18 	-0.15 	1
gs 	19 	0.2 	1
gs 	20 	0.25 	1
gs 	21 	-0.2 	1
gs 	22 	0.15 	1
gs 	23 	-0.25 	1
gs 	24 	0.05 	1
gs 	25 	-0.1 	0
gs 	26 	-0.2 	1
gs 	27 	0.2 	1
gs 	28 	-0.05 	1
gs 	29 	0.1 	1
gs 	30 	0.15 	1
gs 	31 	0.25 	1
gs 	32 	-0.15 	1
gs 	33 	0.0 	0
gs 	34 	0.1 	0
gs 	35 	-0.1 	1
gs 	36 	-0.25 	0
gs 	37 	-0.15 	1
gs 	38 	0.0 	1
gs 	39 	-0.05 	1
gs 	40 	0.2 	1
gs 	41 	0.15 	1
gs 	42 	0.25 	1
gs 	43 	-0.2 	0
gs 	44 	0.05 	0
gs 	45 	-0.15 	0
gs 	46 	0.1 	1
gs 	47 	0.15 	1
gs 	48 	-0.2 	1
gs 	49 	0.2 	1
gs 	50 	0.25 	1
gs 	51 	-0.05 	0
gs 	52 	-0.1 	0
gs 	53 	-0.25 	0
gs 	54 	0.0 	0
gs 	55 	0.05 	0
gs 	56 	-0.25 	0
gs 	57 	-0.2 	0
gs 	58 	-0.15 	0
gs 	59 	0.05 	0
gs 	60 	-0.1 	0
gs 	61 	0.1 	0
gs 	62 	0.15 	1
gs 	63 	0.25 	1
gs 	64 	-0.05 	1
gs 	65 	0.2 	1
gs 	66 	0.0 	1
gs 	67 	0.1 	1
gs 	68 	-0.2 	0
gs 	69 	-0.1 	0
gs 	70 	0.0 	0
gs 	71 	0.2 	1
gs 	72 	-0.25 	1
gs 	73 	0.25 	1
gs 	74 	-0.15 	1
gs 	75 	0.15 	1
gs 	76 	0.05 	1
gs 	77 	-0.05 	0
gs 	78 	-0.25 	0
gs 	79 	0.2 	1
gs 	80 	0.0 	1
gs 	81 	-0.2 	0
gs 	82 	-0.05 	0
gs 	83 	-0.1 	0
gs 	84 	0.05 	0
gs 	85 	0.25 	1
gs 	86 	-0.15 	0
gs 	87 	0.15 	1
gs 	88 	0.1 	0
gs 	89 	0.15 	1
gs 	90 	0.05 	1
gs 	91 	-0.1 	0
gs 	92 	-0.2 	0
gs 	93 	0.2 	1
gs 	94 	0.25 	1
gs 	95 	-0.25 	0
gs 	96 	0.1 	0
gs 	97 	0.0 	0
gs 	98 	-0.15 	0
gs 	99 	-0.05 	0
gs 	100 	-0.05 	0
gs 	101 	0.1 	1
gs 	102 	0.0 	0
gs 	103 	0.05 	0
gs 	104 	0.2 	1
gs 	105 	-0.1 	0
gs 	106 	-0.15 	0
gs 	107 	-0.25 	0
gs 	108 	0.15 	1
gs 	109 	-0.2 	1
gs 	110 	0.25 	1
gs 	111 	-0.05 	1
gs 	112 	0.05 	1
gs 	113 	0.0 	0
gs 	114 	0.2 	1
gs 	115 	-0.1 	0
gs 	116 	0.15 	1
gs 	117 	-0.15 	0
gs 	118 	0.25 	1
gs 	119 	0.1 	1
gs 	120 	-0.25 	0
gs 	121 	-0.2 	0
gs 	122 	0.05 	0
gs 	123 	0.15 	1
gs 	124 	0.1 	1
gs 	125 	0.25 	1
gs 	126 	0.0 	0
gs 	127 	-0.1 	0
gs 	128 	-0.25 	0
gs 	129 	0.2 	1
gs 	130 	-0.2 	1
gs 	131 	-0.05 	0
gs 	132 	-0.15 	0
gs 	133 	0.25 	1
gs 	134 	0.2 	1
gs 	135 	0.0 	1
gs 	136 	0.05 	1
gs 	137 	-0.05 	1
gs 	138 	-0.2 	1
gs 	139 	0.1 	1
gs 	140 	0.15 	1
gs 	141 	-0.15 	0
gs 	142 	-0.1 	0
gs 	143 	-0.25 	0
gs 	144 	0.1 	1
gs 	145 	-0.2 	0
gs 	146 	0.0 	0
gs 	147 	0.05 	1
gs 	148 	0.2 	1
gs 	149 	-0.05 	0
gs 	150 	-0.1 	0
gs 	151 	0.25 	1
gs 	152 	0.15 	1
gs 	153 	-0.25 	0
gs 	154 	-0.15 	0
gs 	155 	-0.25 	0
gs 	156 	0.05 	0
gs 	157 	-0.05 	0
gs 	158 	-0.2 	1
gs 	159 	0.25 	1
gs 	160 	-0.1 	0
gs 	161 	0.1 	0
gs 	162 	0.0 	0
gs 	163 	-0.15 	0
gs 	164 	0.15 	1
gs 	165 	0.2 	1
gs 	166 	0.25 	1
gs 	167 	0.2 	1
gs 	168 	-0.1 	1
gs 	169 	0.15 	1
gs 	170 	-0.15 	0
gs 	171 	0.0 	1
gs 	172 	0.05 	1
gs 	173 	-0.25 	0
gs 	174 	-0.2 	0
gs 	175 	-0.05 	0
gs 	176 	0.1 	1
gs 	177 	-0.2 	0
gs 	178 	-0.05 	0
gs 	179 	0.15 	1
gs 	180 	0.0 	1
gs 	181 	0.25 	1
gs 	182 	-0.25 	1
gs 	183 	-0.1 	0
gs 	184 	0.2 	1
gs 	185 	0.1 	0
gs 	186 	0.05 	1
gs 	187 	-0.15 	0
gs 	188 	0.25 	1
gs 	189 	0.05 	1
gs 	190 	-0.1 	0
gs 	191 	0.15 	1
gs 	192 	-0.15 	0
gs 	193 	0.2 	1
gs 	194 	-0.2 	1
gs 	195 	0.0 	0
gs 	196 	-0.05 	0
gs 	197 	0.1 	0
gs 	198 	-0.25 	0
gs 	199 	0.1 	0
gs 	200 	0.0 	0
gs 	201 	-0.2 	0
gs 	202 	-0.15 	0
gs 	203 	0.15 	1
gs 	204 	0.2 	1
gs 	205 	0.25 	1
gs 	206 	-0.05 	1
gs 	207 	-0.25 	0
gs 	208 	-0.1 	0
gs 	209 	0.05 	0
gs 	210 	-0.25 	0
gs 	211 	0.2 	1
gs 	212 	0.05 	0
gs 	213 	0.15 	1
gs 	214 	-0.05 	0
gs 	215 	-0.2 	0
gs 	216 	0.0 	0
gs 	217 	-0.15 	0
gs 	218 	-0.1 	0
gs 	219 	0.1 	1
gs 	220 	0.25 	1
