subject	 trial	 soa	 response

sn 	1 	0.2 	1
sn 	2 	-0.1 	0
sn 	3 	0.05 	1
sn 	4 	0.25 	1
sn 	5 	-0.2 	0
sn 	6 	0.1 	1
sn 	7 	0.15 	1
sn 	8 	-0.15 	0
sn 	9 	-0.05 	0
sn 	10 	0.0 	1
sn 	11 	-0.25 	0
sn 	12 	-0.25 	0
sn 	13 	-0.15 	0
sn 	14 	0.25 	1
sn 	15 	-0.1 	0
sn 	16 	-0.2 	0
sn 	17 	-0.05 	0
sn 	18 	0.2 	1
sn 	19 	0.0 	0
sn 	20 	0.15 	1
sn 	21 	0.1 	1
sn 	22 	0.05 	0
sn 	23 	-0.25 	0
sn 	24 	0.0 	1
sn 	25 	0.2 	1
sn 	26 	0.1 	1
sn 	27 	0.25 	1
sn 	28 	0.05 	0
sn 	29 	-0.2 	0
sn 	30 	-0.15 	0
sn 	31 	0.15 	1
sn 	32 	-0.05 	0
sn 	33 	-0.1 	0
sn 	34 	-0.05 	0
sn 	35 	0.1 	1
sn 	36 	0.15 	1
sn 	37 	-0.25 	0
sn 	38 	-0.1 	0
sn 	39 	-0.15 	0
sn 	40 	0.0 	0
sn 	41 	-0.2 	0
sn 	42 	0.05 	1
sn 	43 	0.25 	1
sn 	44 	0.2 	1
sn 	45 	-0.05 	0
sn 	46 	0.1 	1
sn 	47 	0.25 	1
sn 	48 	0.05 	1
sn 	49 	-0.15 	0
sn 	50 	-0.1 	0
sn 	51 	0.15 	1
sn 	52 	0.2 	1
sn 	53 	-0.25 	0
sn 	54 	0.0 	1
sn 	55 	-0.2 	0
sn 	56 	0.25 	1
sn 	57 	-0.25 	0
sn 	58 	0.0 	1
sn 	59 	0.1 	1
sn 	60 	-0.1 	0
sn 	61 	0.15 	1
sn 	62 	0.2 	1
sn 	63 	-0.2 	0
sn 	64 	-0.05 	1
sn 	65 	-0.15 	0
sn 	66 	0.05 	1
sn 	67 	0.15 	1
sn 	68 	-0.1 	1
sn 	69 	-0.15 	0
sn 	70 	-0.25 	0
sn 	71 	0.25 	1
sn 	72 	0.05 	1
sn 	73 	0.0 	1
sn 	74 	0.1 	1
sn 	75 	0.2 	1
sn 	76 	-0.05 	0
sn 	77 	-0.2 	0
sn 	78 	-0.25 	0
sn 	79 	-0.2 	0
sn 	80 	0.0 	1
sn 	81 	-0.05 	1
sn 	82 	-0.1 	0
sn 	83 	0.05 	1
sn 	84 	0.1 	1
sn 	85 	0.2 	1
sn 	86 	0.15 	1
sn 	87 	-0.15 	1
sn 	88 	0.25 	1
sn 	89 	-0.25 	0
sn 	90 	0.05 	1
sn 	91 	-0.2 	0
sn 	92 	0.0 	1
sn 	93 	0.25 	1
sn 	94 	0.2 	1
sn 	95 	-0.1 	0
sn 	96 	0.15 	1
sn 	97 	-0.05 	1
sn 	98 	-0.15 	0
sn 	99 	0.1 	1
sn 	100 	0.1 	1
sn 	101 	0.0 	1
sn 	102 	-0.1 	1
sn 	103 	-0.25 	0
sn 	104 	0.05 	1
sn 	105 	-0.05 	0
sn 	106 	0.2 	1
sn 	107 	0.15 	1
sn 	108 	0.25 	1
sn 	109 	-0.15 	0
sn 	110 	-0.2 	0
sn 	111 	0.25 	1
sn 	112 	0.05 	1
sn 	113 	-0.1 	0
sn 	114 	0.0 	1
sn 	115 	-0.05 	0
sn 	116 	0.1 	1
sn 	117 	-0.2 	0
sn 	118 	0.2 	1
sn 	119 	-0.25 	0
sn 	120 	0.15 	1
sn 	121 	-0.15 	0
sn 	122 	0.05 	1
sn 	123 	-0.1 	0
sn 	124 	0.0 	0
sn 	125 	-0.25 	0
sn 	126 	0.1 	1
sn 	127 	0.25 	1
sn 	128 	0.15 	1
sn 	129 	-0.15 	0
sn 	130 	-0.2 	0
sn 	131 	0.2 	1
sn 	132 	-0.05 	0
sn 	133 	-0.15 	0
sn 	134 	-0.05 	1
sn 	135 	-0.25 	0
sn 	136 	0.1 	1
sn 	137 	-0.2 	0
sn 	138 	0.25 	1
sn 	139 	0.15 	1
sn 	140 	0.05 	0
sn 	141 	0.0 	1
sn 	142 	0.2 	1
sn 	143 	-0.1 	0
sn 	144 	0.0 	1
sn 	145 	0.25 	1
sn 	146 	-0.1 	1
sn 	147 	0.05 	1
sn 	148 	-0.2 	0
sn 	149 	0.2 	1
sn 	150 	0.15 	1
sn 	151 	-0.15 	0
sn 	152 	-0.25 	0
sn 	153 	-0.05 	0
sn 	154 	0.1 	1
sn 	155 	0.2 	1
sn 	156 	0.0 	0
sn 	157 	-0.05 	0
sn 	158 	-0.25 	0
sn 	159 	-0.1 	0
sn 	160 	-0.15 	0
sn 	161 	0.25 	1
sn 	162 	-0.2 	0
sn 	163 	0.1 	1
sn 	164 	0.05 	1
sn 	165 	0.15 	1
sn 	166 	0.0 	0
sn 	167 	0.25 	1
sn 	168 	0.2 	1
sn 	169 	-0.2 	0
sn 	170 	-0.1 	1
sn 	171 	-0.25 	0
sn 	172 	-0.05 	1
sn 	173 	0.05 	1
sn 	174 	0.1 	1
sn 	175 	-0.15 	0
sn 	176 	0.15 	1
sn 	177 	0.05 	1
sn 	178 	-0.15 	0
sn 	179 	-0.1 	0
sn 	180 	0.15 	1
sn 	181 	-0.25 	0
sn 	182 	0.0 	1
sn 	183 	-0.05 	0
sn 	184 	-0.2 	0
sn 	185 	0.1 	1
sn 	186 	0.2 	1
sn 	187 	0.25 	1
sn 	188 	0.2 	1
sn 	189 	-0.25 	0
sn 	190 	0.1 	1
sn 	191 	0.15 	1
sn 	192 	-0.2 	0
sn 	193 	0.05 	0
sn 	194 	0.0 	0
sn 	195 	-0.1 	0
sn 	196 	-0.05 	0
sn 	197 	-0.15 	0
sn 	198 	0.25 	1
sn 	199 	0.25 	1
sn 	200 	0.05 	1
sn 	201 	-0.2 	0
sn 	202 	-0.1 	0
sn 	203 	-0.15 	0
sn 	204 	0.1 	1
sn 	205 	0.2 	1
sn 	206 	0.15 	1
sn 	207 	-0.25 	0
sn 	208 	-0.05 	0
sn 	209 	0.0 	1
sn 	210 	0.15 	1
sn 	211 	-0.2 	0
sn 	212 	0.25 	1
sn 	213 	-0.15 	0
sn 	214 	-0.05 	1
sn 	215 	0.05 	1
sn 	216 	-0.25 	0
sn 	217 	0.0 	1
sn 	218 	0.1 	1
sn 	219 	0.2 	1
sn 	220 	-0.1 	0
